0 0.5162295072115385 0.258125 0.5294145192307692 0.25421875 0.5528805625 0.24639062500000003 0.5748711947115385 0.252265625 0.5807259951923076 0.240515625 0.5484777524038461 0.23171875 0.5499531610576923 0.22878125 0.5719437932692307 0.226828125 0.5689929735576923 0.21312499999999998 0.5470023413461539 0.15932812500000001 0.5426229519230769 0.15151562500000001 0.5147540985576924 0.1661875 0.494238875 0.15932812500000001 0.45903981250000003 0.165203125 0.43119437980769226 0.179875 0.41946135817307695 0.20334375 0.42238875961538463 0.21312499999999998 0.41505854807692305 0.22389062499999998 0.40920374759615386 0.23171875 0.4106557379807692 0.23171875 0.42531615865384614 0.249328125 0.4546370024038462 0.253234375 0.4737002331730769 0.26106250000000003 0.5162295072115385 0.258125
0 0.8820843100961538 0.6676875 0.8799297427884615 0.6640937499999999 0.8755971899038462 0.66228125 0.8701873533653846 0.663 0.8669555024038461 0.665171875 0.8664168629807693 0.67021875 0.8648009375 0.6723750000000001 0.8604683846153847 0.6741874999999999 0.8674941442307692 0.6806718749999999 0.8674941442307692 0.67959375 0.8788524591346154 0.679953125 0.8810070264423077 0.675625 0.8831615913461538 0.672015625 0.8820843100961538 0.6676875
0 0.9232786875 0.6779375 0.922177985576923 0.6735 0.922177985576923 0.66978125 0.9224590168269231 0.6669999999999999 0.9205152235576922 0.66440625 0.913021076923077 0.661625 0.9091334903846153 0.6629218750000001 0.9080093677884615 0.6657031250000001 0.9085714278846153 0.66959375 0.9113348942307693 0.672015625 0.9102341923076923 0.674046875 0.9102341923076923 0.676453125 0.9102341923076923 0.6779375 0.9163466033653846 0.6777500000000001 0.9232786875 0.6779375
0 0.40594847836538467 0.738109375 0.41227166346153843 0.7347343749999999 0.4105854807692308 0.71703125 0.40889929807692305 0.7105781250000001 0.3988056201923077 0.70075 0.38868852403846155 0.70159375 0.38573770432692306 0.7100156249999999 0.3819672139423077 0.71928125 0.3832084302884615 0.731359375 0.3819672139423077 0.7451249999999999 0.38236533894230773 0.7465312500000001 0.40257611298076923 0.74934375 0.40594847836538467 0.738109375
0 0.2523185 0.817734375 0.24302107692307692 0.812828125 0.24224824278846152 0.8071406250000001 0.23875878125 0.804546875 0.23177986057692307 0.8086875 0.22946135817307692 0.8125625000000001 0.22519906250000002 0.8148906250000001 0.2186182668269231 0.8192812500000001 0.21435597115384614 0.8267812499999999 0.2170491802884615 0.8324687500000001 0.23449648798076922 0.83271875 0.24997658173076923 0.83065625 0.2546370024038462 0.824453125 0.2523185 0.817734375
0 0.17709601923076923 0.820546875 0.1750351298076923 0.8220781250000001 0.1735128798076923 0.8234375 0.17196721394230768 0.8253125 0.17683840865384617 0.827703125 0.17964871153846154 0.82975 0.1850117091346154 0.829234375 0.1855269326923077 0.8304374999999999 0.1873067908653846 0.8287343749999999 0.1873067908653846 0.82565625 0.18653395673076922 0.8234375 0.18679156971153846 0.821390625 0.18756440384615386 0.8196875 0.18833723557692308 0.817984375 0.18833723557692308 0.816109375 0.188079625 0.8140624999999999 0.1850117091346154 0.813375 0.18449648798076923 0.813203125 0.17990632211538463 0.814234375 0.17887587740384614 0.816453125 0.17836065625 0.8186718749999999 0.17709601923076923 0.820546875
0 0.07341920432692307 0.74384375 0.07515222596153846 0.74396875 0.08088993028846153 0.7426875000000001 0.08147540865384616 0.740390625 0.08740046875 0.736046875 0.08683840865384615 0.72940625 0.0785948485576923 0.728 0.07974238942307693 0.7249375 0.07974238942307693 0.7222500000000001 0.07763466105769232 0.719703125 0.07899297355769232 0.7134375000000001 0.07323185096153846 0.7129218749999999 0.06386416826923078 0.713953125 0.06290398076923077 0.718171875 0.06098360576923077 0.7193124999999999 0.061170959134615385 0.7230156249999999 0.06194379326923077 0.7278749999999999 0.06346604326923076 0.7299218749999999 0.05906323076923077 0.734265625 0.05831381730769231 0.7380937500000001 0.06194379326923077 0.7383437500000001 0.06901639423076923 0.7407812500000001 0.07341920432692307 0.74384375
0 0.2319672139423077 0.7235 0.2319672139423077 0.735125 0.23391100721153846 0.7480312499999999 0.2503512884615385 0.7525468750000001 0.24939110096153844 0.7215625 0.23777517548076924 0.718984375 0.2319672139423077 0.7235
0 0.43362997596153846 0.7213437500000001 0.4349180336538462 0.71665625 0.4298126466346154 0.713234375 0.42915690865384615 0.70640625 0.42213114663461543 0.7025625000000001 0.4163700240384616 0.705546875 0.4195784543269231 0.712375 0.4093442620192308 0.717078125 0.41318501201923075 0.734578125 0.4170023413461538 0.745671875 0.41892271634615386 0.754625 0.4195784543269231 0.7533437500000001 0.4298126466346154 0.754203125 0.42852459134615384 0.7435312500000001 0.4304449639423077 0.7328593750000001 0.43362997596153846 0.7213437500000001
0 0.5324824350961539 0.7489843749999999 0.5200702572115385 0.73075 0.5145901634615385 0.7304062499999999 0.5101170961538462 0.7343906250000001 0.51259953125 0.73903125 0.5076346610576923 0.74534375 0.5041451995192308 0.756953125 0.5026697884615385 0.7662343749999999 0.5046370024038461 0.7891250000000001 0.5160889927884615 0.780171875 0.5180796249999999 0.7698906249999999 0.5270257620192308 0.76325 0.5324824350961539 0.7489843749999999
0 0.9402107716346154 0.6484218749999999 0.9367915697115384 0.64615625 0.9338641682692308 0.6419374999999999 0.9290163942307692 0.6403125000000001 0.92220140625 0.644859375 0.92220140625 0.6484218749999999 0.9251053870192307 0.652 0.927540983173077 0.655578125 0.927540983173077 0.6604375 0.9299765817307691 0.672125 0.9479859495192307 0.6630468749999999 0.9455503509615385 0.6523281249999999 0.9402107716346154 0.6484218749999999
0 0.8226697884615385 0.6680625 0.8268618269230769 0.6624687499999999 0.8226697884615385 0.6492031249999999 0.8167447307692307 0.653390625 0.8114988293269231 0.6587500000000001 0.8048711947115385 0.6566562499999999 0.8020843100961539 0.6575937500000001 0.8003278677884615 0.66084375 0.7989461370192308 0.66596875 0.8013817331730769 0.67225 0.7933723653846154 0.684828125 0.8202341923076923 0.680859375 0.8275644038461538 0.67946875 0.8327868846153846 0.67178125 0.8226697884615385 0.6680625
0 0.40024038461538464 0.4567307692307692 0.5528846153846154 0.6923076923076923