0 0.41475 0.5930208341346154 0.41285937500000003 0.5936458341346154 0.412234375 0.5945 0.411765625 0.5965833341346154 0.41285937500000003 0.597625 0.413796875 0.6102083341346154 0.41459375 0.6141875 0.414109375 0.6187916658653846 0.416625 0.6198333341346154 0.417734375 0.6173333341346154 0.419296875 0.6129166658653846 0.41945312500000004 0.6062291658653846 0.41945312500000004 0.5997291658653846 0.41993749999999996 0.5959583341346154 0.4205625 0.5940833341346153 0.418515625 0.5928125000000001 0.418046875 0.5932291658653847 0.418046875 0.5938541658653846 0.417734375 0.5892499999999999 0.41631250000000003 0.588625 0.41459375 0.5911458341346154 0.41475 0.5930208341346154
0 0.602234375 0.5677916658653847 0.6045 0.565625 0.6049375 0.5634791658653846 0.604078125 0.5613125 0.60375 0.5577083341346154 0.601375 0.5559791658653845 0.601375 0.5535208341346154 0.599328125 0.5505 0.598890625 0.5470416658653846 0.597703125 0.5437291658653846 0.594671875 0.5443125 0.593703125 0.5495 0.5931562499999999 0.5507916658653846 0.5921875 0.5536666658653846 0.593265625 0.5565625 0.5927343749999999 0.5584375 0.5927343749999999 0.5618958341346154 0.5938125000000001 0.5652083341346154 0.594671875 0.56175 0.598890625 0.5641875 0.599328125 0.5659166658653846 0.599328125 0.5690833341346153 0.5998593750000001 0.5695208341346154 0.6009375 0.5692291658653846 0.602234375 0.5677916658653847
0 0.612109375 0.5896666658653846 0.61246875 0.59425 0.614609375 0.59625 0.6161875 0.5811875 0.615328125 0.5735625 0.615265625 0.5643333341346154 0.6131875 0.5640416658653846 0.610609375 0.5706249999999999 0.610328125 0.5817708341346154 0.6109687500000001 0.5940624999999999 0.61140625 0.595 0.611609375 0.5935833341346154 0.612109375 0.5896666658653846
0 0.5903125 0.8187500000000001 0.59146875 0.8091875000000001 0.5933125 0.8011666658653845 0.5933125 0.7922083341346154 0.59309375 0.7863541658653846 0.5886875 0.7820208341346154 0.5872968749999999 0.7761666658653846 0.583828125 0.7758541658653846 0.583359375 0.7777083341346154 0.583359375 0.7798541658653846 0.583140625 0.7823333341346154 0.5822031249999999 0.7847916658653846 0.58059375 0.7900416658653846 0.5808125 0.7983750000000001 0.583359375 0.8030208341346154 0.58590625 0.8215208341346153 0.585453125 0.8227708341346154 0.58984375 0.8212291658653845 0.5903125 0.8187500000000001
0 0.438515625 0.5332916658653846 0.4376875 0.5290208341346154 0.436859375 0.5264791658653846 0.43578125 0.523625 0.4351875 0.5209166658653847 0.43162500000000004 0.5223541658653846 0.4315 0.5258541658653846 0.4315 0.5274375 0.43078125 0.5320416658653846 0.43221875 0.5350416658653846 0.433046875 0.5377500000000001 0.433765625 0.5402916658653847 0.434125 0.5426666658653846 0.434828125 0.5458333341346153 0.43590625 0.5453541658653847 0.436609375 0.5391666658653846 0.436609375 0.5353541658653846 0.4376875 0.5341041658653846 0.438515625 0.5332916658653846
0 0.432703125 0.5592916658653846 0.428578125 0.5626458341346153 0.427671875 0.5695833341346154 0.42875 0.5839375 0.4330625 0.5817916658653846 0.4330625 0.5729375 0.432703125 0.5592916658653846
0 0.6084375000000001 0.5741458341346154 0.606609375 0.5709166658653846 0.60409375 0.5726666658653846 0.6045 0.5787291658653846 0.603078125 0.5802083341346154 0.6035781250000001 0.5839791658653847 0.6041875 0.587875 0.6046875 0.5971666658653846 0.607421875 0.589625 0.609140625 0.596625 0.6095468749999999 0.596625 0.60934375 0.5886875 0.61034375 0.5799375 0.61034375 0.5758958341346154 0.6084375000000001 0.5741458341346154
0 0.593359375 0.8027916658653846 0.593671875 0.8041874999999999 0.5931562499999999 0.8083541658653846 0.596078125 0.8090625 0.5980625 0.8062708341346153 0.5999375 0.8034999999999999 0.598578125 0.7906875 0.5986875 0.7780416658653846 0.599625 0.7699583341346153 0.59565625 0.7698333341346154 0.593890625 0.7721875 0.59346875 0.7776041658653846 0.591171875 0.7831874999999999 0.590546875 0.7840208341346154 0.59284375 0.7861041658653847 0.593359375 0.8027916658653846
0 0.602140625 0.8061666658653847 0.6083489567307692 0.8063819447115385 0.6063229182692308 0.8171180552884615 0.602625 0.8268958341346154 0.61021875 0.82875 0.6090625000000001 0.8178680552884615 0.610765625 0.8179305552884616 0.6113125 0.8071111105769231 0.60971875 0.8067569447115385 0.611859375 0.7962916658653847 0.610375 0.7956458341346154 0.607875 0.7844791658653846 0.6040625 0.7870416658653846 0.6040625 0.7911875 0.60046875 0.7959583341346155 0.60046875 0.8020208341346154 0.602140625 0.8061666658653847
0 0.5913125 0.5422916658653846 0.5913125 0.5441666658653846 0.597421875 0.5429166658653846 0.602109375 0.5441666658653846 0.603046875 0.5466666658653846 0.599765625 0.5372916658653846 0.596484375 0.5303958341346153 0.59178125 0.5316458341346154 0.5913125 0.5422916658653846
0 0.5606718749999999 0.46445833413461535 0.5603125 0.4619791658653846 0.558890625 0.4599791658653846 0.556234375 0.4605625 0.555359375 0.46493749999999995 0.555265625 0.4667083341346154 0.5549999999999999 0.4709583341346154 0.5565 0.47295833413461535 0.552875 0.4762708341346154 0.55384375 0.47968750000000004 0.55553125 0.4775625 0.5567656249999999 0.4757916658653846 0.55934375 0.48087500000000005 0.559515625 0.48029166586538463 0.55925 0.4762708341346154 0.560140625 0.4717916658653846 0.560140625 0.4683541658653846 0.5606718749999999 0.46445833413461535
0 0.49706249999999996 0.4592916658653846 0.49618749999999995 0.46614583413461536 0.49706249999999996 0.4683125 0.501453125 0.4688125 0.501328125 0.462625 0.5020781249999999 0.45860416586538466 0.500453125 0.45577083413461533 0.49706249999999996 0.4592916658653846
0 0.600171875 0.49679166586538465 0.600390625 0.4962291658653846 0.60059375 0.48906249999999996 0.600875 0.48858333413461535 0.600671875 0.48345833413461536 0.601296875 0.48214583413461537 0.600953125 0.4820625 0.600953125 0.48112499999999997 0.600953125 0.4786041658653846 0.5996875 0.4773958341346154 0.59975 0.4769375 0.600453125 0.47581249999999997 0.6002500000000001 0.4745 0.5994843750000001 0.47414583413461536 0.59815625 0.47414583413461536 0.597234375 0.47414583413461536 0.596609375 0.4746875 0.596328125 0.4751666658653846 0.5966875 0.47629166586538463 0.5966875 0.47683333413461537 0.595625 0.4781458341346154 0.59528125 0.47935416586538465 0.59521875 0.4820625 0.5961875 0.48243749999999996 0.596546875 0.48410416586538463 0.596546875 0.4854166658653846 0.596609375 0.48766666586538465 0.59709375 0.48858333413461535 0.597796875 0.48887500000000006 0.597734375 0.49679166586538465 0.5987812499999999 0.497625 0.5996875 0.49641666586538463 0.600171875 0.49679166586538465
0 0.5096153846153846 0.6298076923076923 0.2091346153846154 0.25600961538461536