0 0.7461599999999999 0.6638599999999999 0.74024 0.65808 0.7461599999999999 0.65408 0.7420266658653846 0.6514 0.7461599999999999 0.65006 0.7354933341346155 0.64072 0.7390399999999999 0.6282599999999999 0.7449866658653845 0.6229399999999999 0.73728 0.6211599999999999 0.7242133341346153 0.61314 0.7147466658653846 0.61448 0.70584 0.6295999999999999 0.7016800000000001 0.6425 0.7123733341346153 0.64918 0.7133422211538462 0.65408 0.6969333341346153 0.65408 0.6933866658653846 0.6652 0.70464 0.67632 0.7349066658653847 0.67364 0.7461599999999999 0.6638599999999999
0 0.8277066658653845 0.46336 0.8288266658653847 0.46754 0.8344 0.47006000000000003 0.8416533341346154 0.47048 0.8533866658653846 0.46986 0.8704266658653845 0.47028000000000003 0.87936 0.46986 0.88496 0.4686 0.8788 0.46712000000000004 0.8802133341346153 0.46481999999999996 0.8802133341346153 0.4619 0.8732266658653847 0.46021999999999996 0.8704266658653845 0.4621 0.86848 0.4619 0.8659733341346154 0.46336 0.8550666658653847 0.46440000000000003 0.84752 0.46440000000000003 0.84 0.4663 0.83496 0.46608000000000005 0.8288266658653847 0.46064 0.8265866658653847 0.45749999999999996 0.8196 0.45624 0.8232266658653846 0.45980000000000004 0.8254666658653846 0.46084 0.8277066658653845 0.46336
0 0.7714666658653846 0.43299999999999994 0.7610666658653845 0.43299999999999994 0.7610666658653845 0.42874 0.7591733341346154 0.42874 0.7544266658653846 0.43158 0.7194666658653847 0.43158 0.7194666658653847 0.43582 0.7241866658653847 0.43724 0.7591733341346154 0.4408 0.7601066658653846 0.43512 0.7714666658653846 0.43512 0.7714666658653846 0.43299999999999994
0 0.12464 0.55708 0.1315733341346154 0.55668 0.1412 0.55548 0.1646933341346154 0.55428 0.17005333413461537 0.55308 0.17432 0.54948 0.17325333413461538 0.54706 0.17325333413461538 0.5454600000000001 0.1716533341346154 0.54186 0.15936 0.54186 0.1566933341346154 0.54066 0.15296 0.53064 0.14546666586538462 0.52342 0.1363733341346154 0.52462 0.13264 0.53184 0.1273066658653846 0.53704 0.11981333413461538 0.54788 0.11928 0.54948 0.12194666586538462 0.5526800000000001 0.12464 0.55708
0 0.5520533341346154 0.44508 0.5603733341346154 0.44754 0.5880266658653845 0.44733999999999996 0.58928 0.44546 0.5850133341346153 0.44414 0.58376 0.44264 0.58552 0.43979999999999997 0.5797333341346154 0.44 0.5779733341346154 0.44188 0.5618666658653846 0.44167999999999996 0.5608799999999999 0.44282 0.55584 0.44396 0.5520533341346154 0.44508
0 0.9997333341346154 0.43972 0.9990933341346153 0.43382 0.9931733341346154 0.43528 0.98136 0.43874 0.9728533341346155 0.43874 0.9656266658653846 0.43282000000000004 0.9597066658653847 0.43184 0.9525066658653846 0.43824 0.9551200000000001 0.4412 0.9629866658653847 0.44366 0.9807199999999999 0.44266 0.9951466658653847 0.44167999999999996 0.9898933341346154 0.44464 0.9945066658653846 0.44464 0.9997333341346154 0.43972
0 0.5395733341346154 0.43516 0.5264533341346154 0.4369 0.5133066658653846 0.44038 0.49629333413461535 0.44038 0.5078933341346153 0.4485 0.5333866658653846 0.44502 0.5380266658653846 0.4485 0.5380266658653846 0.4427 0.5395733341346154 0.43516
0 0.4157866658653846 0.43628 0.41749333413461537 0.43520000000000003 0.4192 0.43264 0.41834666586538466 0.43007999999999996 0.41464 0.42922 0.41152 0.43072 0.41037333413461535 0.43286 0.41093333413461536 0.43456 0.4112266658653846 0.43456 0.41178666586538465 0.43563999999999997 0.4157866658653846 0.43628
0 0.43541333413461536 0.43062 0.4362666658653846 0.42814 0.43541333413461536 0.42606 0.4331466658653846 0.42528 0.42986666586538463 0.42528 0.4277866658653846 0.42735999999999996 0.4272533341346154 0.42892 0.42656 0.431 0.4289866658653846 0.43126 0.4341866658653846 0.4314 0.43541333413461536 0.43062
0 0.3293066658653846 0.42734 0.32821333413461534 0.42566 0.3273066658653846 0.42450000000000004 0.32285333413461537 0.42434 0.32085333413461536 0.42466 0.3199733341346154 0.428 0.31285333413461536 0.42984000000000006 0.32485333413461537 0.43068 0.3304266658653846 0.4295 0.3319733341346154 0.42918 0.3293066658653846 0.42734
0 0.2937333341346154 0.44366 0.29938666586538465 0.43872 0.29704 0.43413999999999997 0.23202666586538462 0.44156 0.24245333413461537 0.4426 0.25376 0.44402 0.2937333341346154 0.44366