0 0.22261333413461537 0.68166 0.22421333413461536 0.6810799999999999 0.22261333413461537 0.69296 0.2234133341346154 0.7024600000000001 0.22738666586538464 0.70958 0.2432 0.70958 0.2400533341346154 0.70364 0.23688 0.7024600000000001 0.24082666586538462 0.67572 0.25112 0.6769200000000001 0.2542933341346154 0.67158 0.25586666586538465 0.6585 0.25586666586538465 0.65198 0.24794666586538464 0.62822 0.2424266658653846 0.6222799999999999 0.2424266658653846 0.61812 0.24794666586538464 0.6116 0.2432 0.60982 0.2400533341346154 0.60982 0.2345066658653846 0.60268 0.2234133341346154 0.6021 0.21392 0.60862 0.21074666586538462 0.61932 0.20520000000000002 0.63654 0.206 0.6597000000000001 0.2036266658653846 0.67216 0.21074666586538462 0.67572 0.2044 0.69296 0.19965333413461536 0.7030399999999999 0.20282666586538461 0.70542 0.2234133341346154 0.70958 0.22104000000000001 0.70424 0.21946666586538463 0.68702 0.22261333413461537 0.68166
0 0.2954666658653846 0.6663399999999999 0.2948 0.6814199999999999 0.28810666586538464 0.698 0.28810666586538464 0.69852 0.2921333341346154 0.7055600000000001 0.30552 0.7055600000000001 0.30152 0.7005199999999999 0.30888 0.67286 0.3156 0.65174 0.3176 0.66382 0.32632 0.66282 0.3182666658653846 0.6281199999999999 0.30888 0.62258 0.3082133341346154 0.61102 0.3048533341346154 0.6049800000000001 0.2954666658653846 0.60298 0.2901066658653846 0.6085 0.28944 0.6085 0.28944 0.6190599999999999 0.27736 0.6241000000000001 0.26999999999999996 0.6603 0.28138666586538463 0.66332 0.2706666658653846 0.6929799999999999 0.2706666658653846 0.69348 0.2673066658653846 0.7040400000000001 0.26664 0.7065600000000001 0.2766933341346154 0.7065600000000001 0.2954666658653846 0.6663399999999999
0 0.39018666586538464 0.6207999999999999 0.39018666586538464 0.6241599999999999 0.39072 0.6271199999999999 0.39125333413461544 0.62986 0.3959733341346154 0.6300600000000001 0.3996533341346154 0.6273 0.3996533341346154 0.62474 0.4006933341346154 0.62062 0.4006933341346154 0.6160800000000001 0.3996533341346154 0.6135200000000001 0.3983466658653846 0.61254 0.39808 0.61076 0.39674666586538465 0.6082 0.3930933341346154 0.6082 0.3920266658653846 0.61116 0.39072 0.6135200000000001 0.3883466658653846 0.6168600000000001 0.38888 0.6162799999999999 0.3894133341346154 0.61864 0.39018666586538464 0.6207999999999999
0 0.41514666586538457 0.6308199999999999 0.41533333413461543 0.62076 0.4192266658653846 0.62 0.41856 0.61452 0.41447999999999996 0.61248 0.4142933341346154 0.61006 0.41176 0.6086400000000001 0.41021333413461536 0.60954 0.40904 0.6126 0.4071733341346154 0.61426 0.4059733341346154 0.61604 0.40477333413461536 0.61986 0.4069866658653846 0.6214000000000001 0.4085333341346154 0.62916 0.41056 0.6324799999999999 0.4124266658653846 0.6324799999999999 0.41514666586538457 0.6308199999999999
0 0.4453866658653846 0.61432 0.4403466658653846 0.61284 0.43893333413461544 0.61432 0.43613333413461536 0.6149600000000001 0.4383733341346154 0.6258999999999999 0.4411733341346154 0.6345200000000001 0.44314666586538465 0.6282000000000001 0.44456 0.62148 0.4453866658653846 0.61432
0 0.4453333341346154 0.63588 0.44946666586538464 0.63988 0.4642933341346154 0.6332199999999999 0.46192 0.62876 0.4595466658653846 0.6243200000000001 0.4583733341346154 0.61898 0.4583733341346154 0.61452 0.4554133341346154 0.61098 0.45362666586538464 0.61098 0.4512533341346154 0.61452 0.4512533341346154 0.61986 0.45421333413461534 0.6163000000000001 0.44888 0.62966 0.4453333341346154 0.63588
0 0.8878133341346154 0.62146 0.88864 0.6239 0.8906666658653847 0.62664 0.8902666658653846 0.62818 0.8898666658653845 0.63184 0.8947466658653845 0.63428 0.8951466658653846 0.63154 0.8951466658653846 0.6291 0.8963733341346154 0.62634 0.8963733341346154 0.6223799999999999 0.8951466658653846 0.61962 0.8931199999999999 0.61626 0.8914933341346154 0.61444 0.88944 0.61658 0.8882399999999999 0.6184 0.8878133341346154 0.62146
0 0.9481599999999999 0.61576 0.9496800000000001 0.62098 0.9488266658653846 0.62788 0.9493333341346154 0.6294200000000001 0.9539466658653846 0.62724 0.9539466658653846 0.61894 0.95224 0.6141 0.9481599999999999 0.61576
0 1 0.62924 0.9988533341346154 0.62736 0.9988533341346154 0.6256200000000001 1 0.6230199999999999 0.99944 0.61854 0.9978933341346153 0.61738 0.9944 0.6160800000000001 0.99112 0.61998 0.9918933341346154 0.6230199999999999 0.99016 0.62548 0.9888266658653847 0.62852 0.9896 0.62866 0.9861066658653846 0.63402 0.9893866658653846 0.63706 0.9934400000000001 0.63634 0.9942133341346153 0.6328600000000001 0.99808 0.6372 0.9996266658653846 0.6372 1 0.6333000000000001 1 0.62924
0 0.94904 0.6189199999999999 0.94856 0.6176999999999999 0.9472533341346154 0.6164799999999999 0.9456266658653847 0.61502 0.9433600000000001 0.6155 0.9420533341346153 0.6171 0.9391200000000001 0.61794 0.9388 0.61916 0.9391200000000001 0.6221000000000001 0.9407466658653847 0.62234 0.9425333341346154 0.62002 0.9433600000000001 0.6238 0.94368 0.62832 0.9472533341346154 0.62832 0.9472533341346154 0.62808 0.94856 0.62368 0.94904 0.6189199999999999
0 0.4736266658653846 0.6265999999999999 0.4738933341346154 0.62358 0.47549333413461536 0.6211800000000001 0.47496 0.61856 0.4738933341346154 0.61514 0.4736266658653846 0.61132 0.4704 0.6107199999999999 0.46637333413461535 0.6127400000000001 0.46637333413461535 0.61494 0.46424 0.61756 0.4655733341346154 0.62258 0.46610666586538463 0.62922 0.4645066658653846 0.6314200000000001 0.4690666658653846 0.63162 0.47226666586538457 0.63122 0.4744266658653846 0.62962 0.4736266658653846 0.6265999999999999
0 0.84272 0.62334 0.84336 0.61448 0.8381333341346154 0.6149600000000001 0.83944 0.62382 0.84272 0.62334
0 0.8301066658653846 0.61566 0.82808 0.6199600000000001 0.8248 0.6227199999999999 0.8235733341346154 0.62426 0.82808 0.62456 0.83504 0.62212 0.83912 0.61812 0.83504 0.61536 0.8301066658653846 0.61566