0 0.03336336298076923 0.46847999999999995 0.027477478365384615 0.45938 0.028168168269230767 0.44195999999999996 0.016876877403846156 0.43694 0.014984985576923078 0.45387999999999995 0.0015615625 0.46220000000000006 0.01663663701923077 0.47962 0.026066064903846158 0.47978 0.025825826923076924 0.47508000000000006 0.03336336298076923 0.46847999999999995
0 0.0870270264423077 0.47244 0.08267267307692308 0.46234 0.0724024014423077 0.45370000000000005 0.06861861778846154 0.45045999999999997 0.06426426442307692 0.45370000000000005 0.06534534615384616 0.46162 0.06480480528846154 0.46992 0.06591591586538462 0.47496 0.06915915865384616 0.48542 0.07078078125 0.49804 0.08267267307692308 0.5002 0.08810810817307693 0.49154 0.0870270264423077 0.47244
0 0.11051050961538461 0.4517 0.10630630528846154 0.45802 0.104624625 0.46508 0.10714714663461539 0.46804 0.11969969951923076 0.46749999999999997 0.12054054086538463 0.45988 0.11969969951923076 0.45504 0.11495495432692307 0.44966 0.11051050961538461 0.4517
0 0.17891891826923076 0.45402 0.1786786778846154 0.45074 0.17891891826923076 0.44764000000000004 0.17744744711538463 0.44354 0.17324324278846154 0.4432 0.1663663653846154 0.44452 0.16438438461538463 0.44764000000000004 0.16414414423076923 0.45089999999999997 0.15846846875 0.45402 0.15651651682692308 0.45796 0.1555255264423077 0.46452 0.18063062980769232 0.46468000000000004 0.18063062980769232 0.45862 0.17891891826923076 0.45402
0 0.2209909903846154 0.45458 0.21828828846153847 0.45136 0.21225225240384615 0.44916 0.20414414423076924 0.45236 0.2029429423076923 0.45997999999999994 0.19930931009615385 0.4638 0.21918918990384617 0.46340000000000003 0.2212912908653846 0.4614 0.2209909903846154 0.45458
0 0.059939939903846155 0.47787999999999997 0.05921921875 0.47384 0.06384384374999999 0.45956 0.053843843749999995 0.45504 0.05063062980769231 0.45006 0.043513514423076924 0.45006 0.044204204326923076 0.45504 0.04384384374999999 0.45648 0.04315315384615385 0.45932 0.03957957932692308 0.46908 0.05171171153846154 0.47050000000000003 0.053483483173076926 0.47622 0.059939939903846155 0.47787999999999997
0 0.27135135096153845 0.47542 0.2745645649038461 0.48396 0.2837237235576923 0.49556 0.2933333341346154 0.48212 0.2947147139423077 0.47632 0.28327327403846153 0.45404 0.2827927932692308 0.44702 0.2763963966346154 0.43907999999999997 0.26996997115384613 0.44 0.26720720673076925 0.44945999999999997 0.26492492548076924 0.4577 0.2731831826923077 0.46198 0.2873873870192308 0.4635 0.27135135096153845 0.47542
0 0.31498498557692306 0.47534000000000004 0.3221921923076923 0.46648 0.3330030024038461 0.47314 0.3280180168269231 0.46354 0.33633633653846157 0.46262 0.3352252259615385 0.45598 0.32468468509615384 0.45136 0.3266366370192308 0.44768 0.32330330288461534 0.44564 0.31915915865384614 0.44508 0.3147147139423077 0.44914 0.3158258269230769 0.45246000000000003 0.3044744735576923 0.45874 0.3036336346153846 0.46354 0.3080780769230769 0.46796 0.30612612499999997 0.47314 0.31498498557692306 0.47534000000000004
0 0.4448648653846154 0.46162 0.4448648653846154 0.47444000000000003 0.43291291346153843 0.47647999999999996 0.4296396394230769 0.4906 0.4381981971153846 0.48558 0.43903903846153847 0.48238000000000003 0.4448648653846154 0.48034 0.44174174278846157 0.4896 0.45483483413461534 0.49294 0.4512612620192308 0.47546 0.45054054086538464 0.45788 0.4528528533653846 0.45461999999999997 0.4432732740384615 0.45548 0.4494894903846154 0.44722 0.44198198317307696 0.43634 0.4349849855769231 0.43738000000000005 0.4339639639423077 0.44514 0.4298198197115385 0.4479 0.43861861778846156 0.45289999999999997 0.4393993990384616 0.456 0.4295495504807692 0.4548 0.4448648653846154 0.46162
0 0.15207207211538462 0.45126000000000005 0.14720720673076923 0.45074 0.14267267307692308 0.45261999999999997 0.14189189182692308 0.45544 0.1370270264423077 0.4572 0.13624624519230769 0.46076 0.13795795913461537 0.46692 0.15378378365384615 0.46598 0.15207207211538462 0.45878 0.15207207211538462 0.45586 0.15207207211538462 0.45126000000000005
0 0.24690690625 0.43914000000000003 0.24033032932692308 0.43666000000000005 0.23438438461538463 0.43696 0.22957957932692308 0.44134 0.2297897908653846 0.44352 0.2218918918269231 0.44952 0.22234234134615385 0.46178 0.24819819711538463 0.46192 0.24753753846153848 0.45958 0.24798798798076924 0.452 0.25150150240384617 0.45112 0.24381381490384615 0.4463 0.24579579567307694 0.44498000000000004 0.24690690625 0.44294 0.24690690625 0.43914000000000003
0 0.12924925 0.45180000000000003 0.12630630528846154 0.44834 0.11741741826923077 0.44884 0.11444444471153846 0.45180000000000003 0.11741741826923077 0.45426 0.12036036057692308 0.45968 0.11888888942307692 0.46956000000000003 0.12333333413461538 0.4666 0.12408408413461539 0.47054 0.12480480528846154 0.47104 0.13 0.4666 0.1329729735576923 0.46264 0.12924925 0.46068 0.13 0.45624 0.12852852884615384 0.45574 0.13075075 0.45426 0.12924925 0.45180000000000003
0 0.09963963942307694 0.44760000000000005 0.09480480528846155 0.45832 0.09159159134615386 0.46088 0.09159159134615386 0.47115999999999997 0.10573573557692308 0.47074000000000005 0.11120120192307693 0.45104 0.10510510576923077 0.44674 0.09963963942307694 0.44760000000000005