0 0.5763541658653846 0.6508437499999999 0.590875 0.672625 0.5654583341346154 0.6889531249999999 0.5509375 0.672625 0.5309791658653846 0.6780625 0.5418541658653846 0.7134531249999999 0.5727083341346154 0.722984375 0.5872291658653845 0.7651718750000001 0.5836041658653847 0.8141875 0.5999375 0.868625 0.6180833341346154 0.9366874999999999 0.5945 0.950296875 0.5945 0.9639218749999999 0.6598333341346153 0.95575 0.6598333341346153 0.9489375 0.6416875 0.8754375000000001 0.6471250000000001 0.864546875 0.6543958341346153 0.871359375 0.6671041658653846 0.91490625 0.6779791658653846 0.95303125 0.7088333341346154 0.95303125 0.7179166658653846 0.9495312499999999 0.7106458341346154 0.930484375 0.7052083341346154 0.899171875 0.7033958341346154 0.8637812500000001 0.6961250000000001 0.7997968750000001 0.6997708341346154 0.75896875 0.688875 0.744 0.6797916658653846 0.718125 0.6598333341346153 0.6786562500000001 0.6380625000000001 0.6704843749999999 0.6471250000000001 0.6500781250000001 0.6380625000000001 0.6269374999999999 0.6090208341346154 0.6201249999999999 0.6090208341346154 0.6181718749999999 0.590875 0.6181718749999999 0.5763541658653846 0.6508437499999999
0 0.5617708341346154 0.8683750000000001 0.5579375 0.867890625 0.5568541658653846 0.8676875000000001 0.5568541658653846 0.8661875 0.556125 0.8632500000000001 0.5548541658653846 0.8624375 0.5524791658653846 0.861953125 0.54975 0.8633124999999999 0.5499375 0.8667343750000001 0.5489375 0.868515625 0.5435625000000001 0.869671875 0.5418333341346154 0.8711093750000001 0.5418333341346154 0.8735625 0.542 0.8790937499999999 0.5421875 0.8816875 0.5448333341346154 0.883875 0.5569375 0.884421875 0.5617708341346154 0.8823124999999999 0.5675208341346154 0.8818281250000001 0.5663333341346154 0.8797187500000001 0.5659583341346154 0.87615625 0.5656875 0.872203125 0.5646041658653846 0.8695312500000001 0.5617708341346154 0.8683750000000001
0 0.43556249999999996 0.877421875 0.43556249999999996 0.8781406250000001 0.43247916586538465 0.8814687499999999 0.43247916586538465 0.88175 0.43460416586538464 0.886234375 0.4330625 0.89084375 0.43960416586538464 0.8905624999999999 0.44210416586538465 0.886953125 0.44808333413461543 0.887375 0.4451875 0.8764062499999999 0.44308333413461537 0.875828125 0.44308333413461537 0.8720781249999999 0.44 0.870203125 0.43574999999999997 0.8716406250000001 0.43556249999999996 0.877421875
0 0.9854583341346154 0.8389062500000001 0.9870208341346154 0.840078125 0.9901458341346154 0.84321875 0.9922291658653847 0.847125 0.9953541658653846 0.844 0.9917083341346153 0.8389062500000001 0.9870208341346154 0.8314843749999999 0.9891041658653846 0.8314843749999999 0.9943125 0.8353906249999999 0.9963958341346154 0.8334374999999999 0.9917083341346153 0.8295312499999999 0.9865 0.8236718749999999 0.9823333341346154 0.8217187499999999 0.9797291658653846 0.824453125 0.9792083341346154 0.82640625 0.9797291658653846 0.83421875 0.9812916658653846 0.840078125 0.9823333341346154 0.8443906250000001 0.9849374999999999 0.847515625 0.9859791658653846 0.847515625 0.9865 0.847125 0.9854583341346154 0.8389062500000001
0 0.7596458341346154 0.8481093749999999 0.7575000000000001 0.8470937500000001 0.7575000000000001 0.843265625 0.7545416658653846 0.842671875 0.75375 0.8456874999999999 0.7505208341346153 0.84790625 0.7510625 0.853140625 0.751875 0.85475 0.7523958341346154 0.86240625 0.7548125 0.86240625 0.7596458341346154 0.86159375 0.7596458341346154 0.8481093749999999
0 0.7806875000000001 0.86075 0.7825624999999999 0.860109375 0.7822083341346153 0.8584531249999999 0.7817083341346154 0.855515625 0.7806875000000001 0.8518125 0.7806875000000001 0.8500156249999999 0.7805 0.8477187500000001 0.78 0.846453125 0.7789791658653846 0.8458125 0.7769375000000001 0.845421875 0.7757499999999999 0.84465625 0.7743749999999999 0.84465625 0.7735208341346154 0.8458125 0.7752291658653847 0.848234375 0.7742083341346154 0.84875 0.7728541658653847 0.849515625 0.7730208341346153 0.851421875 0.7738750000000001 0.85321875 0.7738750000000001 0.855515625 0.7742083341346154 0.858703125 0.7736875 0.86075 0.7725000000000001 0.8615156249999999 0.7752291658653847 0.8615156249999999 0.7806875000000001 0.86075
0 0.8047291658653847 0.85615625 0.8019583341346154 0.847859375 0.8051875000000001 0.8495937499999999 0.8042708341346153 0.8433593749999999 0.7982708341346154 0.842328125 0.7996458341346154 0.8409375 0.7964166658653846 0.84059375 0.7968958341346154 0.8433593749999999 0.7955 0.843703125 0.7936666658653846 0.84128125 0.7904375 0.8419843749999999 0.7927291658653846 0.8454375 0.7959583341346155 0.848546875 0.7955 0.855125 0.7959583341346155 0.8613437500000001 0.8042708341346153 0.86065625 0.8047291658653847 0.85615625
0 0.9698333341346154 0.8439374999999999 0.9676041658653846 0.8383125 0.9642291658653845 0.835234375 0.9597291658653847 0.836640625 0.9597291658653847 0.841125 0.9631041658653847 0.8453437500000001 0.9649791658653846 0.84703125 0.9676041658653846 0.84703125 0.9698333341346154 0.8439374999999999
0 0.13485416586538462 0.8935468750000001 0.1362083341346154 0.89671875 0.13754166586538463 0.8936875 0.1423541658653846 0.890296875 0.14135416586538463 0.8877343750000001 0.14160416586538463 0.8845 0.1381875 0.8833593750000001 0.1362916658653846 0.885640625 0.13377083413461538 0.8877343750000001 0.13352083413461538 0.8869375 0.1321875 0.887796875 0.13485416586538462 0.8935468750000001
0 0.4521041658653846 0.874953125 0.44864583413461534 0.874328125 0.4452916658653846 0.875859375 0.446 0.8810468749999999 0.44804166586538463 0.887953125 0.4537916658653846 0.889390625 0.45425 0.882390625 0.4541458341346154 0.8781875 0.4521041658653846 0.874953125
0 0.9006458341346154 0.84840625 0.8998541658653847 0.84840625 0.8986041658653845 0.8479687499999999 0.8981666658653846 0.847375 0.8979374999999999 0.847125 0.8990625 0.846875 0.8998541658653847 0.84678125 0.9000833341346154 0.8461875 0.8995208341346154 0.844484375 0.8997499999999999 0.8438125000000001 0.9029166658653847 0.8421093749999999 0.9006458341346154 0.842015625 0.9004166658653846 0.84159375 0.9005416658653846 0.840921875 0.9006458341346154 0.840328125 0.9009999999999999 0.8384531249999999 0.9005416658653846 0.8367500000000001 0.8993958341346153 0.8359062500000001 0.8979374999999999 0.835984375 0.8965625 0.8367500000000001 0.8965625 0.838109375 0.8974791658653847 0.8392968749999999 0.8975833341346154 0.8402343750000001 0.8955416658653846 0.8412499999999999 0.8952083341346154 0.845171875 0.8963541658653846 0.846875 0.8963541658653846 0.848140625 0.8957708341346154 0.8505312500000001 0.9013333341346154 0.8506875 0.9007708341346153 0.849328125 0.9006458341346154 0.84840625
0 0.08650000000000001 0.898109375 0.08402083413461538 0.896234375 0.0831875 0.89478125 0.0831875 0.89209375 0.0793125 0.8906406250000001 0.07708333413461539 0.891671875 0.07791666586538462 0.89665625 0.07597916586538461 0.8995625 0.07320833413461539 0.8999843750000001 0.08512499999999999 0.8993593750000001 0.08650000000000001 0.898109375