0 0.173421875 0.7033333341346153 0.174515625 0.7026249999999999 0.175265625 0.7037708341346154 0.176140625 0.706375 0.17787499999999998 0.7096041658653847 0.181140625 0.7089791658653847 0.18081250000000001 0.7071041658653846 0.18081250000000001 0.7023333341346153 0.181453125 0.7010208341346154 0.18276562500000001 0.6974166658653846 0.18309375 0.6951041658653847 0.18320312500000002 0.6923541658653847 0.183625 0.6893125 0.183953125 0.6791666658653847 0.18351562500000002 0.6743958341346155 0.182546875 0.6728124999999999 0.1824375 0.6726666658653847 0.181234375 0.6720833341346153 0.180703125 0.6710624999999999 0.180484375 0.6694791658653846 0.178640625 0.6686041658653846 0.17721875 0.6686041658653846 0.17495312500000001 0.6688958341346154 0.174078125 0.6707708341346154 0.17309375000000002 0.6728124999999999 0.17278125 0.6777291658653847 0.1733125 0.6838125 0.173640625 0.69075 0.17278125 0.6930625 0.1725625 0.6956666658653846 0.17201562499999998 0.6982708341346153 0.172234375 0.7020416658653846 0.173421875 0.7033333341346153
0 0.041203125 0.6721666658653846 0.043265625 0.6767500000000001 0.043265625 0.6782916658653846 0.043046875 0.6886875000000001 0.041890625 0.6902291658653846 0.037765625 0.6960416658653846 0.03615625 0.6993958341346154 0.03753125 0.6991041658653846 0.039375 0.6981666658653847 0.04096875 0.6993958341346154 0.043734375 0.6972499999999999 0.0435 0.6991041658653846 0.044875 0.7018541658653846 0.042812499999999996 0.703375 0.042125 0.7079583341346154 0.04625 0.7119375 0.0496875 0.7143958341346154 0.054515625 0.715 0.05475 0.7122499999999999 0.054968750000000004 0.7042916658653847 0.0568125 0.6997083341346154 0.0568125 0.6969583341346154 0.05771875 0.6920625 0.05771875 0.6880833341346153 0.05153125 0.6715625000000001 0.04946875 0.6672708341346154 0.047859375 0.665125 0.044421875000000006 0.6642083341346154 0.044187500000000005 0.6636041658653846 0.042359375000000005 0.6663541658653845 0.041203125 0.6721666658653846
0 0.024234375 0.6948333341346153 0.023 0.6757500000000001 0.023 0.6735625 0.023 0.6708333341346153 0.02340625 0.6648333341346154 0.019734375000000002 0.6621250000000001 0.01809375 0.6621250000000001 0.01646875 0.6632083341346154 0.01646875 0.6664791658653846 0.015234375000000001 0.6708333341346153 0.014828125 0.6757500000000001 0.014015625 0.683375 0.016046875000000002 0.689375 0.014828125 0.7111875 0.021374999999999998 0.713375 0.024234375 0.6948333341346153
0 0.80784375 0.6794791658653847 0.8095625000000001 0.6947291658653847 0.8158437500000001 0.6985416658653846 0.81528125 0.6993125 0.824421875 0.6977708341346154 0.8192812500000001 0.6855833341346155 0.81528125 0.6779583341346154 0.80784375 0.6794791658653847
0 0.976609375 0.6996875 0.9771093750000001 0.6966875 0.977609375 0.6903958341346154 0.977859375 0.68575 0.9771093750000001 0.6801041658653847 0.974875 0.6728124999999999 0.9703906250000001 0.6718124999999999 0.9691562499999999 0.6784583341346154 0.971390625 0.6811041658653847 0.966171875 0.6873958341346154 0.966171875 0.7003333341346154 0.9701406250000001 0.7016666658653846 0.972875 0.702 0.976609375 0.6996875
0 0.5159374999999999 0.6636041658653846 0.51496875 0.6619375 0.514 0.6628541658653847 0.514 0.6645208341346154 0.512609375 0.6673125 0.512328125 0.6702708341346154 0.514140625 0.6736041658653846 0.51428125 0.6786041658653846 0.516078125 0.6787916658653846 0.5166406250000001 0.6786041658653846 0.5165 0.6654583341346154 0.5159374999999999 0.6636041658653846
0 0.58128125 0.6867291658653846 0.5829687499999999 0.6943333341346154 0.58403125 0.6940625 0.582765625 0.6869999999999999 0.582546875 0.6833333341346154 0.584453125 0.6771250000000001 0.58403125 0.674875 0.5838125000000001 0.6720416658653845 0.581703125 0.6734583341346153 0.581484375 0.6768541658653846 0.581484375 0.6816458341346153 0.58128125 0.6867291658653846
0 0.7332343750000001 0.6700208341346153 0.7327812499999999 0.6621041658653847 0.7304843750000001 0.660875 0.7277500000000001 0.6621041658653847 0.7284375 0.6663749999999999 0.7291249999999999 0.6700208341346153 0.72934375 0.6779583341346154 0.7304843750000001 0.6785833341346154 0.7330156250000001 0.6782708341346153 0.733703125 0.6761458341346154 0.7332343750000001 0.6700208341346153
0 0.699140625 0.6576041658653846 0.6976718749999999 0.6693541658653845 0.7028125000000001 0.6771666658653845 0.7086718750000001 0.6752083341346153 0.711609375 0.6703333341346155 0.699140625 0.6576041658653846
0 0.74784375 0.6852708341346154 0.7444999999999999 0.6837916658653846 0.738515625 0.6902916658653846 0.740609375 0.7142499999999999 0.747296875 0.7151875 0.7505000000000001 0.6927083341346154 0.74784375 0.6852708341346154
0 0.6310468749999999 0.6806458341346153 0.623203125 0.6644166658653846 0.618875 0.6640625 0.6156250000000001 0.6683749999999999 0.619140625 0.674875 0.6177968749999999 0.6792083341346153 0.6156250000000001 0.6914583341346153 0.61428125 0.6965000000000001 0.6196875000000001 0.6993958341346154 0.6199531250000001 0.7152499999999999 0.6296875 0.7159791658653846 0.628609375 0.6993958341346154 0.6310468749999999 0.6806458341346153
0 0.7982343749999999 0.6725833341346154 0.79565625 0.6753750000000001 0.7943593750000001 0.6803125 0.7945312499999999 0.6854583341346154 0.7943593750000001 0.6968333341346155 0.7991874999999999 0.6966249999999999 0.800484375 0.69125 0.800484375 0.68375 0.802734375 0.6850208341346153 0.8041874999999999 0.681375 0.805953125 0.6747291658653847 0.8053125 0.673 0.8041874999999999 0.6712916658653847 0.803859375 0.6672083341346154 0.8037031250000001 0.6669999999999999 0.8024218750000001 0.667625 0.8017656249999999 0.6706458341346154 0.8008124999999999 0.6721458341346154 0.7982343749999999 0.6725833341346154
0 0.5819687499999999 0.6812083341346155 0.5819687499999999 0.6784375 0.5819687499999999 0.6759583341346154 0.5815 0.6734791658653846 0.5808125 0.671625 0.580578125 0.671625 0.5789531250000001 0.6710208341346154 0.57803125 0.672875 0.577796875 0.6759583341346154 0.577796875 0.6768958341346154 0.576640625 0.6781250000000001 0.57525 0.6821458341346154 0.57525 0.6836875 0.574546875 0.6880208341346153 0.574078125 0.6895625 0.5743125 0.6969791658653846 0.574546875 0.6979166658653846 0.57546875 0.7000833341346154 0.576640625 0.7003958341346154 0.5784843749999999 0.6997708341346154 0.580109375 0.6969791658653846 0.580578125 0.6948333341346153 0.5822031249999999 0.6917291658653847 0.5822031249999999 0.6889583341346154 0.5822031249999999 0.6858541658653846 0.5822031249999999 0.6839999999999999 0.5819687499999999 0.6812083341346155
0 0.8918269230769231 0.6790865384615384 0.020432692307692308 0.037259615384615384