0 0.15753125 0.9121718750000001 0.15967187500000002 0.917875 0.16514062499999999 0.918125 0.162296875 0.9078906250000001 0.16395312499999998 0.9078906250000001 0.166328125 0.912890625 0.170375 0.9155 0.17179687500000002 0.9150312500000001 0.17179687500000002 0.91121875 0.1715625 0.9078906250000001 0.17109375 0.898609375 0.17465624999999999 0.900515625 0.17821874999999998 0.8955156249999999 0.17821874999999998 0.891953125 0.175375 0.8888593749999999 0.17109375 0.88934375 0.16514062499999999 0.890296875 0.158015625 0.891953125 0.149203125 0.8983749999999999 0.15278125 0.9062187500000001 0.15396875000000002 0.908359375 0.15753125 0.9121718750000001
0 0.17750000000000002 0.841140625 0.17815625 0.840921875 0.17310937499999998 0.831734375 0.173328125 0.827125 0.16764062500000002 0.8306250000000001 0.166765625 0.832609375 0.166328125 0.835453125 0.16435937500000003 0.8365468749999999 0.164578125 0.838515625 0.166109375 0.839171875 0.168515625 0.844859375 0.167421875 0.851421875 0.17114062500000002 0.851421875 0.173765625 0.839171875 0.17750000000000002 0.841140625
0 0.3775625 0.839625 0.378484375 0.838890625 0.378671875 0.8364843750000001 0.378671875 0.8383281250000001 0.3821875 0.839265625 0.38275 0.838140625 0.3821875 0.83203125 0.384046875 0.830171875 0.38256249999999997 0.825546875 0.378296875 0.8235 0.376453125 0.82646875 0.373484375 0.82684375 0.37551562499999996 0.830171875 0.37810937499999997 0.8318437500000001 0.375890625 0.8340625 0.37515624999999997 0.83703125 0.376078125 0.839265625 0.3775625 0.839625
0 0.40090624999999996 0.8423437500000001 0.39865625000000005 0.8220781250000001 0.39639062500000005 0.8017968750000001 0.378375 0.8063125 0.369375 0.833328125 0.373875 0.84009375 0.376125 0.8423437500000001 0.40090624999999996 0.8423437500000001
0 0.77121875 0.803734375 0.7690937499999999 0.80515625 0.7683906250000001 0.808703125 0.769796875 0.8129531249999999 0.77121875 0.8129531249999999 0.7740625 0.8072812500000001 0.77121875 0.803734375
0 0.58421875 0.853046875 0.5816718750000001 0.8515625 0.5792499999999999 0.850890625 0.5775 0.85009375 0.575359375 0.84834375 0.573609375 0.84834375 0.5710625 0.8490156249999999 0.5694375 0.8541249999999999 0.570109375 0.8588125000000001 0.574421875 0.8609687500000001 0.578453125 0.8659375 0.58153125 0.8694375 0.582609375 0.8694375 0.58421875 0.8682187499999999 0.588796875 0.868359375 0.5914843750000001 0.868484375 0.5914843750000001 0.8668750000000001 0.5877187500000001 0.8623124999999999 0.584484375 0.85921875 0.582875 0.855734375 0.58421875 0.853046875
0 0.514203125 0.8261875000000001 0.51525 0.8257656250000001 0.51534375 0.829421875 0.51565625 0.83015625 0.51734375 0.829953125 0.517546875 0.82890625 0.5174375 0.8274375 0.5174375 0.8265 0.517546875 0.8252343750000001 0.517546875 0.824296875 0.517859375 0.8232499999999999 0.5177499999999999 0.8216875 0.517859375 0.820015625 0.5180625 0.818640625 0.5177499999999999 0.81728125 0.517546875 0.815828125 0.51734375 0.8150937500000001 0.5161875 0.81478125 0.51525 0.815609375 0.5149375 0.816234375 0.514515625 0.8173906249999999 0.5133593750000001 0.8188593750000001 0.512421875 0.8244062499999999 0.512 0.8296406249999999 0.513890625 0.8296406249999999 0.514203125 0.8261875000000001
0 0.430640625 0.829375 0.43048437500000003 0.8232343750000001 0.431078125 0.8213437499999999 0.431515625 0.8203281250000001 0.43121875 0.8168124999999999 0.426546875 0.8176875 0.42581250000000004 0.82484375 0.42728125 0.8285 0.430640625 0.830546875 0.430640625 0.829375
0 0.14996875 0.846453125 0.152125 0.84596875 0.1506875 0.841640625 0.15309375 0.8356250000000001 0.149484375 0.832265625 0.14876562499999998 0.8279375000000001 0.145640625 0.8279375000000001 0.14515625 0.831296875 0.14346875 0.8325 0.142984375 0.836828125 0.14395312500000002 0.84284375 0.14346875 0.848609375 0.146828125 0.8466874999999999 0.1475625 0.843328125 0.14996875 0.846453125
0 0.48712500000000003 0.8207500000000001 0.48675 0.8260625 0.48712500000000003 0.8294843749999999 0.487890625 0.832140625 0.48865625 0.832140625 0.490546875 0.83025 0.490546875 0.822265625 0.48940625 0.81884375 0.48865625 0.81884375 0.48712500000000003 0.8207500000000001
0 0.3655625 0.8344843750000001 0.3663125 0.83771875 0.3685625 0.83771875 0.36954687500000005 0.8334843749999999 0.3690625 0.82925 0.36954687500000005 0.826015625 0.3688125 0.8222812500000001 0.3653125 0.825515625 0.364328125 0.82975 0.364328125 0.83125 0.3655625 0.8344843750000001
0 0.09215625000000001 0.93075 0.09356249999999999 0.930375 0.09446875 0.927046875 0.095484375 0.925125 0.096125 0.9226875000000001 0.096125 0.919875 0.095484375 0.9184687500000001 0.091640625 0.917703125 0.087296875 0.92025 0.08703124999999999 0.925125 0.086265625 0.930109375 0.08921875 0.93075 0.09215625000000001 0.93075
0 0.50771875 0.8245625 0.5075624999999999 0.828703125 0.509546875 0.828859375 0.511234375 0.8280937500000001 0.5118437499999999 0.822734375 0.51246875 0.8202812500000001 0.51246875 0.819359375 0.51246875 0.8184375 0.5115468750000001 0.8172187500000001 0.511234375 0.8153750000000001 0.510171875 0.814921875 0.5089374999999999 0.814921875 0.5086406250000001 0.816453125 0.508328125 0.817828125 0.5078750000000001 0.8184375 0.50740625 0.819828125 0.50725 0.821359375 0.508484375 0.8235 0.50771875 0.8245625
0 0.6646634615384616 0.8125 0.5048076923076923 0.040865384615384616