0 0.35815625 0.688625 0.35448437499999996 0.6781458341346155 0.34767187499999996 0.6648750000000001 0.33982812500000004 0.6572083341346153 0.32359375 0.6509166658653847 0.3173125 0.6523125000000001 0.302640625 0.6613958341346154 0.292703125 0.6669791658653845 0.287984375 0.6802499999999999 0.283796875 0.6809375 0.27018749999999997 0.6816458341346153 0.27018749999999997 0.688625 0.28640625 0.6962916658653846 0.2869375 0.6956041658653846 0.28640625 0.6983958341346154 0.2843125 0.7046874999999999 0.302125 0.7102708341346153 0.32201562499999997 0.7095625 0.31417187500000004 0.7116666658653846 0.33982812500000004 0.705375 0.35606250000000006 0.7025833341346155 0.359203125 0.6997916658653847 0.35815625 0.688625
0 0.1680625 0.7323333341346154 0.167421875 0.7371666658653846 0.167421875 0.7424166658653846 0.167421875 0.7440833341346154 0.166484375 0.7451458341346153 0.162859375 0.7482916658653846 0.161921875 0.753125 0.1608125 0.7732708341346155 0.1614375 0.7785208341346154 0.161765625 0.7827291658653847 0.16459375 0.7814583341346153 0.166484375 0.7573124999999999 0.1680625 0.7772708341346154 0.166484375 0.7822916658653847 0.17578125 0.785875 0.18459375 0.7839791658653846 0.18003125 0.7552083341346154 0.182703125 0.7711666658653846 0.18459375 0.7785208341346154 0.185375 0.7802083341346153 0.186640625 0.7795625 0.186953125 0.7678125 0.182390625 0.7512291658653846 0.182078125 0.7476666658653847 0.18159375000000003 0.7466041658653846 0.17845312500000002 0.74325 0.178140625 0.73275 0.1759375 0.7291875 0.17200000000000001 0.7287708341346154 0.1680625 0.7323333341346154
0 0.705546875 0.5866458341346154 0.7103750000000001 0.5878541658653846 0.712640625 0.5878541658653846 0.715359375 0.58 0.717171875 0.5780000000000001 0.71671875 0.5749791658653846 0.7132499999999999 0.57075 0.708875 0.5675208341346154 0.7079687499999999 0.5695416658653847 0.708109375 0.5711458341346154 0.704796875 0.5798125 0.70434375 0.5836250000000001 0.705546875 0.5866458341346154
0 0.082921875 0.7855 0.088140625 0.785375 0.091703125 0.7838958341346154 0.09628125 0.7843958341346154 0.09839062500000001 0.7825624999999999 0.10432812500000001 0.7824375000000001 0.10835937500000001 0.7837916658653847 0.113203125 0.7826875 0.11623437499999999 0.7804791658653846 0.111828125 0.7771875 0.107265625 0.7809791658653846 0.098375 0.7811666658653846 0.09492187499999999 0.780875 0.092546875 0.778125 0.0900625 0.7749583341346155 0.09028125000000001 0.7738125 0.091890625 0.7715000000000001 0.09318749999999999 0.7706458341346154 0.09470312500000001 0.767625 0.09406250000000001 0.7641666658653846 0.093625 0.7604166658653846 0.0884375 0.7596875 0.08498437499999999 0.762 0.08465625 0.764875 0.08239062500000001 0.7695000000000001 0.076125 0.7788541658653846 0.073421875 0.7840416658653846 0.0736875 0.7842708341346154 0.076703125 0.78525 0.082921875 0.7855
0 0.6742812499999999 0.5865833341346154 0.6742812499999999 0.5852291658653846 0.6740156249999999 0.583 0.67453125 0.5804374999999999 0.676453125 0.5794166658653845 0.6759375 0.5772083341346154 0.675296875 0.5756666658653846 0.672609375 0.5741458341346154 0.67209375 0.5708958341346154 0.67171875 0.5702083341346154 0.669671875 0.5702083341346154 0.668640625 0.5715833341346154 0.668390625 0.5755 0.667625 0.5760208341346154 0.66659375 0.5777291658653846 0.6651875 0.5797708341346154 0.66634375 0.5818125 0.668640625 0.5814791658653846 0.6687812500000001 0.5858958341346153 0.6687812500000001 0.5872708341346153 0.671078125 0.5869375 0.6742812499999999 0.5865833341346154
0 0.535203125 0.5841666658653846 0.537765625 0.5831875 0.537328125 0.5787916658653847 0.538203125 0.5787916658653847 0.538796875 0.5756666658653846 0.5384218749999999 0.5706666658653846 0.53659375 0.5693958341346154 0.536078125 0.5685208341346154 0.53659375 0.5651875 0.535859375 0.5636249999999999 0.5349843750000001 0.5631458341346154 0.533578125 0.5632291658653846 0.532703125 0.5644166658653846 0.532625 0.5656875 0.533296875 0.5678333341346155 0.5338125 0.5692083341346155 0.533296875 0.5693958341346154 0.530796875 0.5703750000000001 0.5294687499999999 0.5737083341346154 0.529625 0.5772291658653846 0.5309375000000001 0.5773333341346154 0.5318906250000001 0.5754583341346154 0.530578125 0.579375 0.530578125 0.5831875 0.530875 0.5836875 0.532484375 0.5839791658653847 0.535203125 0.5841666658653846
0 0.8097343749999999 0.5851666658653847 0.816890625 0.5861666658653847 0.81765625 0.5856666658653846 0.816515625 0.577625 0.816515625 0.5720833341346154 0.8153906249999999 0.5690625 0.8119999999999999 0.5675625 0.8104843749999999 0.5655416658653846 0.80821875 0.5645416658653846 0.805953125 0.5695833341346154 0.805953125 0.579625 0.80821875 0.5806458341346153 0.8097343749999999 0.5851666658653847
0 0.84084375 0.5799583341346154 0.84390625 0.5799583341346154 0.8445 0.5794791658653846 0.844375 0.5761875 0.844265625 0.5735208341346154 0.843078125 0.5710208341346154 0.84296875 0.5685 0.8432031249999999 0.5670833341346154 0.840375 0.5641041658653847 0.838375 0.5658333341346153 0.838375 0.5696041658653846 0.83684375 0.5724166658653846 0.8369687499999999 0.577125 0.83778125 0.5788541658653846 0.83896875 0.5794791658653846 0.84084375 0.5799583341346154
0 0.18442187499999999 0.5741041658653846 0.18637499999999999 0.5775208341346154 0.189859375 0.5783333341346154 0.188796875 0.5900208341346154 0.194390625 0.590625 0.19348437500000001 0.5725 0.192578125 0.5700833341346153 0.19135937500000003 0.5664583341346154 0.188796875 0.5664583341346154 0.18759375 0.5676666658653846 0.1874375 0.5696666658653846 0.18909375 0.5714791658653846 0.18759375 0.5720833341346154 0.18442187499999999 0.5741041658653846
0 0.454 0.7209583341346154 0.454 0.714125 0.454 0.7031875000000001 0.4468125 0.7018333341346155 0.439640625 0.7100208341346155 0.433484375 0.7196041658653846 0.438609375 0.7346458341346154 0.440671875 0.737375 0.448875 0.7318958341346153 0.454 0.7209583341346154
0 0.16829687499999998 0.5822291658653846 0.16343749999999999 0.5827916658653846 0.1671875 0.585375 0.169421875 0.5838958341346154 0.16815625 0.5898333341346154 0.174 0.5894583341346153 0.17539062500000002 0.5865 0.17246875 0.5837083341346154 0.17539062500000002 0.5798333341346154 0.17470312500000001 0.5748125000000001 0.17246875 0.5722291658653846 0.17303125 0.5698125 0.17178125 0.5703750000000001 0.168859375 0.5700000000000001 0.169828125 0.5737083341346154 0.169421875 0.5759375 0.16829687499999998 0.5822291658653846
0 0.22553125 0.7811041658653846 0.23035937499999998 0.7776666658653847 0.24018750000000003 0.7796041658653846 0.23875 0.7677916658653847 0.234875 0.7677916658653847 0.233421875 0.7647916658653846 0.23229687499999999 0.7602708341346154 0.22989062500000002 0.759625 0.22665625 0.762 0.22425 0.7660833341346154 0.224078125 0.7710208341346154 0.2265 0.7738125 0.223921875 0.7776666658653847 0.21957812499999999 0.77725 0.217796875 0.7770208341346153 0.220859375 0.7815416658653846 0.22553125 0.7811041658653846