0 0.11487499999999999 0.36266509374999994 0.17970312500000002 0.35674528365384617 0.18265625 0.28261792548076925 0.17381249999999998 0.23665094230769232 0.1669375 0.1951415096153846 0.164 0.16844339663461538 0.14140625 0.16698113221153846 0.12667187500000002 0.18179245192307691 0.1188125 0.20700471634615386 0.083453125 0.21589622596153848 0.078546875 0.23813679326923076 0.06675 0.32858490625 0.0844375 0.3478537740384615 0.07951562499999999 0.3834198125 0.081484375 0.3745283028846154 0.09621875 0.3552594350961539 0.11487499999999999 0.36266509374999994
0 0.7236250000000001 0.9698113197115384 0.7326093749999999 0.9849056610576923 0.74128125 0.9718396225961539 0.7439375 0.9476886802884615 0.7522656249999999 0.9532311322115384 0.77059375 0.9491981129807693 0.782921875 0.9391509423076924 0.780578125 0.9255660384615385 0.772921875 0.8974056610576924 0.766921875 0.8697641514423077 0.75959375 0.861202829326923 0.7476093749999999 0.8622169807692307 0.74428125 0.8858490576923077 0.74028125 0.9009198125 0.7336093750000001 0.9125000000000001 0.730609375 0.9361320745192308 0.730609375 0.9356367932692307 0.72728125 0.9517216971153846 0.7236250000000001 0.9698113197115384
0 0.815828125 0.9074292451923077 0.8165625 0.8833962259615386 0.8071406250000001 0.8686320745192307 0.799546875 0.8702830192307692 0.7962812499999999 0.8795518870192307 0.793390625 0.9052358485576922 0.786875 0.9178066033653847 0.783984375 0.9298349062500001 0.7828906250000001 0.9374292451923077 0.7979375 0.9374292451923077 0.81159375 0.9434669807692307 0.81909375 0.930377358173077 0.8209062500000001 0.9139858485576924 0.815828125 0.9074292451923077
0 0.8576875 0.9511084903846154 0.86028125 0.9442452836538462 0.86028125 0.9286084903846153 0.85575 0.9158962259615385 0.848609375 0.9070990576923077 0.845375 0.8973113197115385 0.84990625 0.8767688677884615 0.8505625 0.8679716971153847 0.844078125 0.8660141514423076 0.83565625 0.8660141514423076 0.82528125 0.8738207548076923 0.82334375 0.8943632067307692 0.821390625 0.9061084903846154 0.817515625 0.9237264158653846 0.8162187500000001 0.9432783028846153 0.819453125 0.9579481129807692 0.8226875 0.9599056610576924 0.8304687500000001 0.9599056610576924 0.8362968749999999 0.9608962259615385 0.8382499999999999 0.9608962259615385 0.8434375000000001 0.9511084903846154 0.845375 0.9462028293269231 0.8479687499999999 0.9452358485576924 0.8512031250000001 0.9442452836538462 0.8531562500000001 0.9481603774038461 0.8563906250000001 0.9511084903846154 0.8576875 0.9511084903846154
0 0.847703125 0.9852594350961539 0.8499687499999999 0.9924999999999999 0.846859375 1 0.8598281249999999 0.9988915096153845 0.86546875 0.9839858485576923 0.866890625 0.9741981129807692 0.8632187499999999 0.9554716971153846 0.8564531249999999 0.9495047163461539 0.847140625 0.9486556610576924 0.84403125 0.9622641514423077 0.84290625 0.9682311322115384 0.8457343749999999 0.9775943389423076 0.847703125 0.9852594350961539
0 0.797203125 0.9970047163461538 0.789015625 0.9815566033653845 0.7859375 0.9429009423076924 0.7470312499999999 0.9599056610576924 0.7572656249999999 0.9599056610576924 0.7644374999999999 1 0.797203125 0.9970047163461538
0 0.75925 0.9775943389423076 0.7499687500000001 0.9719811322115385 0.7402031250000001 0.9740801875 0.7332343750000001 0.9972169807692308 0.73509375 0.9993396225961538 0.7625 1 0.75925 0.9775943389423076
0 0.6511875 0.985047170673077 0.645578125 0.9970990576923077 0.673578125 1 0.6687812500000001 0.9596933966346154 0.663171875 0.9536556610576923 0.6527812500000001 0.9693396225961538 0.6511875 0.985047170673077
0 0.291859375 0.09672169711538461 0.29765625 0.2329716971153846 0.311546875 0.3255660384615385 0.33353125 0.35002358413461543 0.35667187499999997 0.34827830288461537 0.35204687500000004 0.3308254711538462 0.3393125 0.31509433894230765 0.32542187499999997 0.2958726418269231 0.32542187499999997 0.26792452884615386 0.310375 0.25745282932692304 0.323109375 0.2329716971153846 0.33815625 0.20502358413461538 0.3393125 0.19455188701923076 0.32657812500000005 0.18931603846153847 0.311546875 0.1997877355769231 0.30574999999999997 0.21202830288461538 0.29765625 0.14738207451923077 0.30690625 0.1316509423076923 0.30690625 0.11419811298076922 0.30690625 0.0949764158653846 0.3080625 0.07924528365384614 0.30459375 0.07051886778846153 0.29765625 0.054787735576923076 0.288390625 0.06176886778846154 0.28723437500000004 0.053042451923076925 0.288390625 0.0635141514423077 0.291859375 0.09672169711538461
0 0.22982812500000002 1 0.228859375 0.9413915096153846 0.22924999999999998 0.8828301875 0.226140625 0.8646933966346153 0.21101562499999998 0.8597169807692308 0.20054687499999999 0.8562028293269232 0.198796875 0.8585377355769231 0.1974375 0.8702594350961538 0.196671875 0.8834198124999999 0.19589062499999998 0.8895754711538462 0.19278125000000002 0.9001179254807692 0.19492187500000002 0.9068396225961538 0.1918125 0.9129952836538462 0.18735937500000002 0.9179716971153845 0.183859375 0.9241037740384616 0.176296875 0.9349528293269231 0.164671875 0.9507547163461538 0.16175 0.9557311322115385 0.16078125000000001 0.9844103774038462 0.161171875 0.9943632067307693 0.162921875 1 0.19568750000000001 1 0.22982812500000002 1
0 0.8874843749999999 0.9886320745192307 0.8900781249999999 0.9995990576923077 0.906953125 1 0.9100625 0.9882311322115385 0.9100625 0.9843160384615385 0.907984375 0.9780424519230769 0.9056406250000001 0.9757075480769231 0.89915625 0.9729481129807692 0.893453125 0.9698113197115384 0.894234375 0.9655188677884615 0.89553125 0.9592452836538462 0.89553125 0.9506132067307692 0.894484375 0.9435613197115384 0.893453125 0.9404245288461539 0.891625 0.9373113197115385 0.88825 0.9369103774038462 0.8794375 0.9373113197115385 0.87709375 0.9384669807692307 0.8744999999999999 0.943962264423077 0.87371875 0.9482783028846153 0.87371875 0.9576650937500001 0.87371875 0.9619811322115385 0.87371875 0.9651179254807692 0.87371875 0.9682547163461539 0.874765625 0.9713915096153846 0.87709375 0.9725707548076923 0.8794375 0.9760849062499999 0.882546875 0.979622641826923 0.885140625 0.9835377355769231 0.8874843749999999 0.9886320745192307
0 0.8140937500000001 1 0.8422343750000001 0.9981367932692307 0.8422343750000001 0.9974764158653847 0.8418125000000001 0.9949056610576924 0.844375 0.9910377355769231 0.846078125 0.9775235841346154 0.843515625 0.9640094350961538 0.8388281249999999 0.9607783028846154 0.8371250000000001 0.9607783028846154 0.835421875 0.9607783028846154 0.82346875 0.9607783028846154 0.819203125 0.9640094350961538 0.819203125 0.9646462259615384 0.817078125 0.9659198124999999 0.812375 0.9640094350961538 0.809828125 0.9627122644230769 0.81365625 0.9704481129807692 0.8153750000000001 0.9723820745192308 0.812375 0.9833254711538462 0.8111093749999999 0.9878301875000001 0.8115312499999999 0.9923349062500001 0.8119531249999999 0.9981367932692307 0.812375 1 0.8140937500000001 1
0 0.8119375000000001 1 0.8128124999999999 0.9859905649038462 0.812375 0.9708962259615385 0.808453125 0.9610377355769231 0.8175937500000001 0.9643396225961538 0.8197656249999999 0.9623584903846154 0.8189062500000001 0.9570990576923077 0.816296875 0.9466037740384615 0.8032343750000001 0.9393632067307693 0.793671875 0.9420047163461539 0.7913749999999999 0.9435141514423078 0.789734375 0.9488207548076922 0.7905 0.9534905649038462 0.79028125 0.9571462259615384 0.7895000000000001 0.9618160384615385 0.7905 0.9651415096153847 0.790171875 0.9674764158653846 0.7895000000000001 0.9712971706730769 0.7905 0.9744575480769231 0.78984375 0.979127358173077 0.79028125 0.9827830192307693 0.792484375 0.9846226418269232 0.7921562499999999 0.9877830192307692 0.79671875 0.9997877355769231 0.797140625 1 0.8119375000000001 1
0 0.7259615384615384 0.9591346153846154 0.4483173076923077 0.0733173076923077