0 0.729734375 0.3508958341346154 0.729421875 0.3538541658653846 0.7359374999999999 0.344859375 0.737765625 0.3543854158653846 0.73863671875 0.3514270841346154 0.745 0.3451770841346154 0.7461093750000001 0.3549166658653846 0.7540625 0.3454947908653846 0.75644140625 0.3524895841346154 0.7544531250000001 0.3554479158653846 0.762796875 0.35597916586538464 0.76534375 0.3530208341346154 0.7631249999999999 0.3458125 0.7647031249999999 0.33987500000000004 0.7624843749999999 0.3339375 0.7624843749999999 0.3292708341346154 0.76534375 0.32333333413461535 0.7631249999999999 0.3046875 0.7631249999999999 0.29197916586538464 0.757390625 0.2843541658653846 0.752953125 0.2843541658653846 0.752 0.2746041658653846 0.7427812500000001 0.26187499999999997 0.7341875000000001 0.2644166658653846 0.7281562500000001 0.2728958341346154 0.7300625000000001 0.2945208341346154 0.72846875 0.3038541658653846 0.730375 0.314875 0.7268749999999999 0.3191041658653846 0.7214687499999999 0.32206250000000003 0.7202031249999999 0.3297083341346154 0.72084375 0.3402916658653846 0.7265625 0.3402916658653846 0.7281562500000001 0.3504791658653846 0.729734375 0.3508958341346154
0 0.6760937499999999 0.32264583413461534 0.702703125 0.3362916658653846 0.752828125 0.35539583413461534 0.686328125 0.30900000000000005 0.6760937499999999 0.30081250000000004 0.6822343750000001 0.2830833341346154 0.674046875 0.262625 0.6699531249999999 0.2639791658653846 0.665859375 0.2639791658653846 0.6566562499999999 0.2708125 0.6525625 0.2762708341346154 0.645390625 0.2912708341346154 0.6392656250000001 0.3144583341346153 0.634140625 0.3294791658653846 0.63209375 0.3472083341346154 0.63209375 0.3526666658653846 0.657671875 0.35674999999999996 0.6760937499999999 0.32264583413461534
0 0.460578125 0.4669375 0.45865625 0.46395833413461535 0.453234375 0.46395833413461535 0.450359375 0.4771458341346154 0.44206249999999997 0.480125 0.44078125 0.4848125 0.4541875 0.4869375 0.45770312500000004 0.5035416658653846 0.463453125 0.4843958341346154 0.46409374999999997 0.4826875 0.460578125 0.47375 0.460578125 0.4669375
0 0.450078125 0.4910833341346154 0.4458125 0.4825416658653846 0.44751562500000003 0.48027083413461535 0.4458125 0.46602083413461537 0.44025000000000003 0.4626041658653846 0.435546875 0.4648958341346154 0.434703125 0.474 0.43085937500000004 0.4768541658653846 0.42743749999999997 0.493375 0.429578125 0.5041875 0.4458125 0.5041875 0.44751562500000003 0.5013541658653846 0.450078125 0.4910833341346154
0 0.414515625 0.4911875 0.423 0.49008333413461536 0.42040625000000004 0.48097916586538464 0.417703125 0.47204166586538465 0.413 0.4690625 0.411 0.469375 0.41075000000000006 0.4770625 0.411234375 0.4778541658653846 0.40475 0.49024999999999996 0.414515625 0.4911875
0 0.406875 0.4741666658653846 0.404234375 0.4676875 0.400515625 0.4675625 0.397890625 0.47393749999999996 0.399171875 0.4764166658653846 0.39559375 0.4817916658653846 0.395078125 0.48225 0.39553125 0.48227083413461536 0.409234375 0.4815625 0.406875 0.4741666658653846
0 0.500859375 0.4745208341346154 0.498421875 0.47322916586538466 0.49890625 0.46612499999999996 0.496484375 0.46418750000000003 0.49503125 0.46418750000000003 0.492609375 0.46483333413461536 0.492609375 0.4712916658653846 0.492609375 0.4790625 0.48775 0.4913541658653846 0.48048437499999996 0.49393750000000003 0.47707812499999996 0.4991041658653846 0.4775625 0.5049375 0.48000000000000004 0.5049375 0.50328125 0.5049375 0.5061875 0.4907083341346154 0.5047343750000001 0.47583333413461537 0.500859375 0.4745208341346154
0 0.340609375 0.5051458341346154 0.34525 0.4946875 0.34650000000000003 0.4875416658653846 0.3429375 0.4832708341346154 0.34149999999999997 0.47875 0.33829687500000005 0.47422916586538466 0.335078125 0.4766041658653846 0.3354375 0.4818333341346154 0.33418749999999997 0.48612500000000003 0.33401562500000004 0.4937291658653846 0.333484375 0.50325 0.3316875 0.508 0.33240625 0.5087083341346154 0.33918750000000003 0.5101458341346153 0.340609375 0.5051458341346154
0 0.297390625 0.3989583341346154 0.299640625 0.40325 0.299953125 0.4135 0.29835937500000004 0.4190625 0.296421875 0.4250625 0.29867187500000003 0.4284791658653846 0.303171875 0.4272083341346154 0.30509375 0.4139375 0.30540625 0.40195833413461535 0.3089375 0.4062291658653846 0.3111875 0.4079375 0.3111875 0.40152083413461537 0.30734375 0.3959583341346154 0.306375 0.3895416658653846 0.3066875 0.3882708341346154 0.305734375 0.383125 0.305734375 0.3814166658653846 0.301875 0.384 0.3015625 0.38741666586538465 0.29835937500000004 0.3908333341346154 0.297390625 0.3989583341346154
0 0.379625 0.48475 0.37690625 0.49095833413461537 0.382171875 0.4895 0.38421875 0.49143749999999997 0.39275 0.4903958341346154 0.39184375 0.483375 0.39384375 0.47975 0.393609375 0.47747916586538464 0.392578125 0.4764375 0.38882812499999997 0.48095833413461536 0.387734375 0.4762708341346154 0.38543750000000004 0.4763541658653846 0.3851875 0.47247916586538463 0.38114062499999996 0.4673958341346154 0.379265625 0.4675625 0.37720312500000003 0.47295833413461535 0.377265625 0.4786875 0.37478124999999995 0.4815208341346154 0.37509374999999995 0.4837708341346154 0.379625 0.48475
0 0.35739062499999996 0.4665833341346154 0.351328125 0.46997916586538463 0.352609375 0.48106250000000006 0.351640625 0.4925625 0.34845312500000003 0.4917083341346154 0.3449375 0.5070208341346154 0.36346875 0.5053333341346155 0.36953125 0.4840416658653846 0.36570312499999996 0.476375 0.35739062499999996 0.4665833341346154
0 0.52496875 0.4696041658653846 0.522203125 0.4638125 0.5184375 0.4626458341346154 0.51540625 0.4636041658653846 0.5138125 0.46516666586538463 0.514390625 0.4717291658653846 0.5162656250000001 0.4786875 0.5125 0.4842708341346154 0.50628125 0.481375 0.5046875 0.4844791658653846 0.506859375 0.4895 0.507 0.4927708341346154 0.506125 0.4989583341346154 0.506421875 0.5024375 0.5083125 0.5068750000000001 0.5123593750000001 0.5045625 0.51728125 0.5033958341346154 0.518734375 0.49720833413461535 0.52003125 0.4925833341346154 0.521046875 0.4910416658653846 0.528875 0.48775 0.53003125 0.4858333341346154 0.526125 0.4790625 0.525828125 0.47847916586538464 0.52525 0.47364583413461536 0.52496875 0.4696041658653846
0 0.4300625 0.4772291658653846 0.4343125 0.4752291658653846 0.43356249999999996 0.4735625 0.4293125 0.4698958341346154 0.42706249999999996 0.46622916586538465 0.42531250000000004 0.4665625 0.42381250000000004 0.4672291658653846 0.4240625 0.47256250000000005 0.4268125 0.4752291658653846 0.42606249999999996 0.4778958341346154 0.4263125 0.4832291658653846 0.4283125 0.4832291658653846 0.4298125 0.48122916586538456 0.4300625 0.4772291658653846
0 0.5384615384615384 0.4182692307692308 0.9026442307692307 0.14783653846153846