0 0.5733125 0.7000233653846154 0.575765625 0.7055140192307692 0.576171875 0.7094859807692308 0.574734375 0.7149766346153845 0.5755625 0.718644860576923 0.576375 0.7198598125 0.579234375 0.7217056081730769 0.581484375 0.7198598125 0.580046875 0.7177336442307692 0.5794374999999999 0.7149766346153845 0.58290625 0.7107009350961538 0.583109375 0.7030841129807693 0.580859375 0.6948364495192307 0.581890625 0.6926869158653847 0.582703125 0.6899532716346154 0.5825 0.683855139423077 0.579640625 0.6780373822115385 0.577796875 0.6716355144230769 0.57596875 0.6719392524038461 0.5749375 0.6765186923076923 0.575765625 0.6795794399038461 0.571890625 0.6911682235576924 0.5716718749999999 0.6948364495192307 0.5733125 0.7000233653846154
0 0.573984375 0.688785045673077 0.574359375 0.6867523365384615 0.574234375 0.6864018701923077 0.57225 0.684719625 0.571515625 0.6836214951923077 0.57053125 0.6786448605769231 0.57053125 0.6760514014423078 0.5685625 0.6764252331730769 0.566453125 0.6757009350961538 0.5660937500000001 0.6758644855769231 0.56571875 0.68271028125 0.56571875 0.6843691586538461 0.564609375 0.6869392524038461 0.563984375 0.6882242980769231 0.563984375 0.6959813076923077 0.564109375 0.6972663557692308 0.57078125 0.6945093461538462 0.571890625 0.6943224302884615 0.573984375 0.688785045673077
0 0.75890625 0.8176635504807692 0.75890625 0.8136915889423076 0.75815625 0.8091355144230769 0.7558750000000001 0.8114018701923077 0.7562500000000001 0.8148130841346154 0.7535937500000001 0.8188084110576923 0.7524531250000001 0.8261915889423077 0.759296875 0.8273364495192308 0.760046875 0.8250467283653846 0.7604375 0.8205140192307692 0.75890625 0.8176635504807692
0 0.62715625 0.6957476634615385 0.62715625 0.68978971875 0.62803125 0.6791822427884615 0.625671875 0.6758644855769231 0.6259687500000001 0.6718925240384616 0.624203125 0.6696728966346155 0.6222812500000001 0.6701168221153846 0.620953125 0.6729906538461539 0.6175468749999999 0.678294391826923 0.618140625 0.6882242980769231 0.618140625 0.6944158870192307 0.62125 0.7156308413461538 0.6216875000000001 0.7156308413461538 0.6265624999999999 0.7156308413461538 0.62715625 0.6957476634615385
0 0.55659375 0.6894859807692307 0.5561875 0.691074766826923 0.555609375 0.693995326923077 0.555359375 0.696705608173077 0.55340625 0.7017056081730769 0.5516875 0.7036682235576923 0.552171875 0.7112383173076923 0.551515625 0.71271028125 0.554296875 0.7134345793269231 0.55659375 0.7134345793269231 0.5578125 0.7124766346153847 0.558390625 0.7051869158653846 0.559453125 0.7025 0.562640625 0.7006542067307693 0.5636249999999999 0.7004205600961538 0.56403125 0.6995560745192309 0.564609375 0.6958878509615385 0.5644375 0.6928271033653846 0.564609375 0.6908878509615385 0.564109375 0.6865887860576922 0.562796875 0.6845093461538462 0.56215625 0.6813317764423077 0.56109375 0.67742990625 0.559375 0.6767056081730769 0.5580625 0.67742990625 0.55725 0.6811682235576922 0.557078125 0.6833644855769231 0.557328125 0.6848364495192307 0.557328125 0.6866588774038462 0.55659375 0.6894859807692307
0 0.5253125 0.6919392524038461 0.5253125 0.6867757019230769 0.5253125 0.6854906538461538 0.5244531250000001 0.6816121490384616 0.52315625 0.6771028028846153 0.5197031249999999 0.6771028028846153 0.517546875 0.6803271033653846 0.517109375 0.6816121490384616 0.516671875 0.6854906538461538 0.515390625 0.6887149543269231 0.517546875 0.6977570096153846 0.5197031249999999 0.7029205600961539 0.5205625 0.7093691586538462 0.5205625 0.7203271033653846 0.52228125 0.7190420552884615 0.523578125 0.7158177572115385 0.5253125 0.6919392524038461
0 0.530390625 0.7129205600961538 0.5325624999999999 0.713995326923077 0.534734375 0.7125467283653847 0.5364375 0.7056775697115385 0.5364375 0.6984579447115385 0.53740625 0.695934579326923 0.5415 0.6934112139423078 0.5434375 0.6923130841346155 0.5473125 0.6890654206730769 0.545125 0.6865420552884616 0.5381250000000001 0.6858177572115385 0.53715625 0.68257009375 0.536671875 0.6785747668269231 0.53353125 0.6807476634615385 0.5349843750000001 0.683995326923077 0.5320781250000001 0.6858177572115385 0.530390625 0.6894158870192307 0.53015625 0.6934112139423078 0.526765625 0.6984579447115385 0.5253125 0.7031542067307692 0.526046875 0.7096495336538461 0.526046875 0.71507009375 0.5289375000000001 0.7154439254807692 0.52990625 0.7129205600961538 0.5291875 0.7049532716346154 0.5325624999999999 0.7013551394230769 0.5328125 0.7089252331730769 0.530390625 0.7107476634615384 0.530390625 0.7129205600961538
0 0.803265625 0.753574766826923 0.803 0.7508177572115385 0.802734375 0.7406542067307692 0.8003906249999999 0.7336214951923077 0.7956874999999999 0.7285514014423077 0.7943749999999999 0.7332476634615385 0.791765625 0.7375467283653846 0.7928125 0.7418457932692307 0.7941093749999999 0.7434112139423077 0.79515625 0.7453504663461538 0.7933281249999999 0.7500467283653846 0.79778125 0.753574766826923 0.803265625 0.753574766826923
0 0.605015625 0.6826869158653845 0.607609375 0.6755841129807691 0.603296875 0.6755841129807691 0.60371875 0.6826869158653845 0.600703125 0.685280375 0.60803125 0.6865654206730769 0.6063125 0.6839719615384615 0.605015625 0.6826869158653845
0 0.6835 0.7131775697115385 0.684703125 0.7084813076923078 0.68446875 0.6998364495192307 0.6827812499999999 0.692780375 0.684828125 0.6931542067307692 0.685078125 0.6888084110576924 0.68640625 0.6879205600961539 0.685671875 0.6796261682692308 0.677828125 0.6817757019230769 0.675296875 0.6866588774038462 0.678796875 0.692780375 0.675296875 0.6940420552884615 0.673609375 0.7124532716346154 0.6835 0.7131775697115385
0 0.759859375 0.6789018701923077 0.7573749999999999 0.6744859807692307 0.7576875 0.670280375 0.7548750000000001 0.666565420673077 0.752859375 0.669369158653846 0.752703125 0.6740186923076923 0.752078125 0.6763551394230769 0.750671875 0.6805373822115384 0.7503593749999999 0.6849532716346154 0.753015625 0.6865887860576922 0.7555000000000001 0.6861214951923077 0.75675 0.6842523365384616 0.75659375 0.6835514014423077 0.759234375 0.681705608173077 0.759859375 0.6789018701923077