0 0.5131690144230769 0.503375 0.5840610336538462 0.492140625 0.6245774639423077 0.485390625 0.6583333341346154 0.467421875 0.6481924879807692 0.44270312500000003 0.5705633798076923 0.43820312499999997 0.5536854471153846 0.440453125 0.5199061033653846 0.440453125 0.46927230048076923 0.413484375 0.45915493028846155 0.39775 0.4490140841346154 0.37753125 0.42875586778846153 0.366296875 0.4051173701923077 0.38876562499999995 0.3578638509615385 0.561796875 0.3578638509615385 0.568546875 0.35448356730769226 0.608984375 0.42201877884615385 0.62021875 0.46927230048076923 0.633703125 0.479389670673077 0.642703125 0.48615023557692305 0.559546875 0.4827699519230769 0.539328125 0.4827699519230769 0.51909375 0.5131690144230769 0.503375
0 0.5954694831730769 0.375953125 0.5857276995192308 0.37984375 0.5682159615384615 0.38826562499999995 0.552629108173077 0.38371875 0.5457981225961539 0.38371875 0.5380046947115384 0.385671875 0.5234037548076923 0.39279687500000005 0.5370422524038462 0.39215625 0.5535915504807692 0.39279687500000005 0.5760093894230769 0.39279687500000005 0.607159625 0.38890625 0.6207981225961539 0.39928125 0.6169014086538461 0.403171875 0.655868545673077 0.40253125 0.6675352115384615 0.40253125 0.6694835673076922 0.40187500000000004 0.6675352115384615 0.393453125 0.6646244134615386 0.37984375 0.6548826298076923 0.373359375 0.6500234735576923 0.37206249999999996 0.6392957740384616 0.37010937499999996 0.6344366201923077 0.37010937499999996 0.63053990625 0.36428125 0.63053990625 0.35909375000000004 0.6266431923076923 0.352609375 0.6237089206730769 0.350671875 0.6149530504807692 0.350671875 0.6061971826923077 0.350671875 0.6042488269230769 0.35131249999999997 0.6052112668269231 0.352609375 0.5993661971153846 0.359734375 0.5993661971153846 0.36621875000000004 0.6042488269230769 0.37206249999999996 0.5954694831730769 0.375953125
0 0.87877934375 0.37703125 0.8876291081730769 0.375640625 0.8954460096153846 0.374953125 0.8959624423076923 0.37356249999999996 0.894389670673077 0.371140625 0.894389670673077 0.36871875 0.8949061033653846 0.36559375 0.8938732403846154 0.3614375 0.89230046875 0.356578125 0.892840375 0.35276562499999997 0.8959624423076923 0.35 0.9016901418269231 0.34721875 0.9016901418269231 0.34271875 0.9016901418269231 0.33821875 0.9011737091346154 0.33509375 0.8933568076923077 0.333359375 0.8845070432692308 0.333359375 0.8803286394230769 0.336484375 0.87877934375 0.3416875 0.87877934375 0.34618750000000004 0.8756572764423077 0.348609375 0.869929576923077 0.351390625 0.8657511730769231 0.35728125 0.8647183100961539 0.36559375 0.8642018774038461 0.374265625 0.8667840384615384 0.3766875 0.8709624423076924 0.37703125 0.87877934375 0.37703125
0 0.4573474182692308 0.31442187499999996 0.4555164326923077 0.30984375000000003 0.44450704326923074 0.307703125 0.4380985913461538 0.31320312499999997 0.43854460096153847 0.31807812500000004 0.44267605528846155 0.32265625 0.44037558653846154 0.32601562500000003 0.4367136153846154 0.33090625 0.4344131466346154 0.335484375 0.42892018750000005 0.337625 0.40781690144230764 0.336703125 0.4073708918269231 0.33975000000000005 0.42021126682692306 0.34035937499999996 0.43854460096153847 0.34035937499999996 0.44589201923076927 0.34006250000000005 0.4559859158653846 0.34249999999999997 0.4601173701923077 0.34220312500000005 0.4628638509615385 0.34189062499999995 0.4633098581730769 0.32937500000000003 0.4582629110576923 0.323265625 0.455070423076923 0.32235937499999995 0.4573474182692308 0.31442187499999996
0 0.19319248798076924 0.464296875 0.18584506971153847 0.457453125 0.1799530504807692 0.43885937499999994 0.17701877884615386 0.42615625 0.16673708894230768 0.419296875 0.1388028173076923 0.419296875 0.13293427163461538 0.427125 0.12852112740384616 0.4359375 0.12852112740384616 0.444734375 0.12704225240384615 0.4525625 0.11234741826923077 0.45353125000000005 0.10061032932692308 0.461359375 0.11089201923076922 0.468203125 0.11676056250000001 0.47603125 0.12410798076923077 0.51125 0.12410798076923077 0.52103125 0.16084506971153845 0.5308125 0.19319248798076924 0.464296875
0 0.3973239447115385 0.31040625 0.3924647884615385 0.31006249999999996 0.3875821586538462 0.312109375 0.38424882692307694 0.31960937500000003 0.3793896706730769 0.32148437500000004 0.397840375 0.32079687500000004 0.40014084615384615 0.317734375 0.40014084615384615 0.3138125 0.3973239447115385 0.31040625
0 0.6596713605769231 0.2908125 0.6601643197115384 0.29065625 0.6601643197115384 0.28834375 0.6614084495192307 0.284234375 0.6579342716346154 0.281609375 0.6552347427884615 0.280796875 0.6502816899038462 0.280296875 0.6478169014423076 0.28112499999999996 0.6456103293269231 0.284890625 0.6456103293269231 0.287359375 0.6453521129807692 0.289328125 0.6421361490384616 0.29098437499999996 0.6532629110576923 0.29146875 0.6596713605769231 0.2908125
0 0.7922769951923077 0.268015625 0.7922769951923077 0.265171875 0.7880046947115384 0.26382812499999997 0.7859859158653847 0.263984375 0.782629108173077 0.266828125 0.7850938966346154 0.270109375 0.7832863846153846 0.271 0.7839671370192308 0.275640625 0.7985680745192307 0.276234375 0.8003521129807692 0.276390625 0.7988028173076922 0.27265625 0.7922769951923077 0.268015625
0 0.45096244230769233 0.247109375 0.4470187788461538 0.24271875 0.4470187788461538 0.24075 0.44406103365384614 0.23703125 0.4391314543269231 0.2385625 0.44011737019230773 0.243375 0.43518779326923074 0.24995312500000003 0.4342018774038462 0.251265625 0.4512910793269231 0.248859375 0.45096244230769233 0.247109375
0 0.593450704326923 0.262109375 0.5896478870192308 0.266328125 0.58553990625 0.269265625 0.5887089206730769 0.269265625 0.6007276995192308 0.26715625 0.6010328629807693 0.26421875 0.59946009375 0.26168749999999996 0.593450704326923 0.262109375
0 0.13962441346153848 0.39531249999999996 0.17408450721153848 0.39773437500000003 0.19145539903846157 0.40034375 0.19816901442307694 0.40332812500000004 0.21553990625000002 0.40407812499999995 0.22366197115384615 0.402578125 0.22255868509615384 0.40015625 0.21917840384615386 0.39493750000000005 0.22086854567307693 0.390453125 0.22338028125 0.387671875 0.22758215865384615 0.38356250000000003 0.2287089206730769 0.37796875 0.22701877884615385 0.37498437500000004 0.22086854567307693 0.3721875 0.2149765264423077 0.370140625 0.2096713605769231 0.368640625 0.20490610336538462 0.369015625 0.1939671370192308 0.3721875 0.1917370889423077 0.37498437500000004 0.1936854471153846 0.38132812499999996 0.1936854471153846 0.38542187499999997 0.19089201923076923 0.386546875 0.17800469471153846 0.384875 0.1600704230769231 0.382078125 0.14636150240384616 0.379828125 0.1315023485576923 0.37721875 0.11525821634615384 0.37815624999999997 0.10042253605769232 0.38840625 0.10237089182692308 0.392140625 0.10685445913461539 0.392703125 0.11889671394230769 0.39493750000000005 0.13962441346153848 0.39531249999999996
0 0.7034741778846154 0.26814062499999997 0.698708920673077 0.268484375 0.6965962451923077 0.269890625 0.6981924879807693 0.27165625 0.7050469495192307 0.272359375 0.7066431923076923 0.27025 0.7034741778846154 0.26814062499999997