0 0.02824 0.8351733341346154 0.033839999999999995 0.8223466658653845 0.04104 0.8042133341346154 0.045860000000000005 0.7956533341346154 0.04906 0.7849866658653847 0.04986 0.7742933341346153 0.05226 0.7678933341346154 0.056260000000000004 0.76896 0.060259999999999994 0.7721600000000001 0.061880000000000004 0.7732266658653846 0.07388 0.7721600000000001 0.06988 0.7604266658653847 0.06428 0.7518933341346153 0.057859999999999995 0.7412 0.056260000000000004 0.7358666658653846 0.053860000000000005 0.7262666658653847 0.05146 0.71984 0.047459999999999995 0.7177066658653846 0.03624 0.7123733341346153 0.02984 0.7049066658653846 0.02344 0.7049066658653846 0.01782 0.7049066658653846 0.01622 0.70704 0.00902 0.7081066658653847 0.0034000000000000002 0.71024 0 0.7187733341346154 0.001 0.7252 0.001 0.7348 0.0018 0.7444 0.0034000000000000002 0.7518933341346153 0.0034000000000000002 0.7636266658653846 0.004200000000000001 0.7668266658653846 0.00502 0.7817866658653846 0.00502 0.7956533341346154 0.00502 0.7988533341346155 0.004200000000000001 0.80848 0.00502 0.8202133341346154 0.00502 0.8255466658653846 0.0058200000000000005 0.83304 0.013819999999999999 0.8373066658653846 0.009819999999999999 0.8383733341346153 0.02022 0.8511733341346154 0.02824 0.84264 0.02824 0.8351733341346154
0 0.8133400000000001 0.75232 0.8162200000000001 0.7426666658653847 0.81816 0.7343200000000001 0.81816 0.7240533341346154 0.8162200000000001 0.71376 0.8143 0.7079733341346154 0.80948 0.7022133341346154 0.80418 0.7060533341346154 0.80178 0.71376 0.7988799999999999 0.7285333341346154 0.7984000000000001 0.7394666658653846 0.80466 0.7490933341346153 0.80562 0.7600266658653846 0.80804 0.7651733341346154 0.8143 0.7645333341346153 0.8133400000000001 0.75232
0 0.87624 0.7490133341346153 0.87648 0.7386133341346154 0.87946 0.73248 0.87924 0.7288266658653846 0.8796999999999999 0.7217866658653846 0.8813 0.7165866658653847 0.87924 0.712 0.87442 0.7110666658653847 0.8716600000000001 0.7223999999999999 0.8702799999999999 0.7343200000000001 0.87234 0.7438133341346155 0.8707400000000001 0.7490133341346153 0.8702799999999999 0.7533066658653845 0.8751 0.7588 0.8774 0.7566666658653846 0.8774 0.7526933341346154 0.87624 0.7490133341346153
0 0.16724 0.6946666658653846 0.16764 0.6928533341346154 0.16764 0.6889066658653846 0.16724 0.6845866658653846 0.16724 0.68136 0.16562 0.6766933341346154 0.16522 0.6766933341346154 0.16482 0.6766933341346154 0.1636 0.6766933341346154 0.16428 0.67272 0.16428 0.6707466658653847 0.16266 0.6684266658653846 0.16064 0.6685866658653846 0.15916 0.6694933341346154 0.15916 0.6736266658653847 0.15916 0.6756 0.15766000000000002 0.6791999999999999 0.15646000000000002 0.6795733341346154 0.15552 0.6811733341346154 0.1547 0.6845866658653846 0.15686 0.6853066658653847 0.15725999999999998 0.6881866658653847 0.15766000000000002 0.6914133341346154 0.1582 0.6948533341346154 0.16024 0.6971733341346155 0.16428 0.69592 0.1663 0.6951999999999999 0.16724 0.6946666658653846
0 0.26432 0.6720533341346153 0.26142 0.66288 0.25392 0.6598400000000001 0.25056 0.6742933341346155 0.25088 0.6995466658653846 0.26554 0.7003733341346153 0.26752 0.6840799999999999 0.26432 0.6720533341346153
0 0.4991 0.7052533341346153 0.49979999999999997 0.6991733341346154 0.49979999999999997 0.69168 0.49946 0.6841866658653846 0.49946 0.6776533341346155 0.50016 0.6710933341346154 0.49839999999999995 0.67344 0.4963 0.6753066658653846 0.49207999999999996 0.6804533341346153 0.49104 0.68232 0.48928 0.6841866658653846 0.48858 0.6902666658653847 0.48962 0.6930933341346154 0.49207999999999996 0.6968266658653846 0.49278 0.7061866658653847 0.49523999999999996 0.7089866658653846 0.49594 0.7089866658653846 0.4991 0.7052533341346153
0 0.7741600000000001 0.7053866658653847 0.7724 0.7085066658653846 0.772 0.7116266658653847 0.7726 0.7173333341346153 0.7724 0.7238133341346155 0.7722 0.7285066658653846 0.7735599999999999 0.72616 0.7749400000000001 0.72176 0.77512 0.7264266658653846 0.7763000000000001 0.72824 0.7765 0.7269333341346154 0.7761 0.7149866658653846 0.77668 0.7108266658653846 0.7765 0.7079733341346154 0.7741600000000001 0.7053866658653847
0 0.11134 0.6929333341346153 0.11231999999999999 0.6806133341346154 0.11207999999999999 0.6754133341346154 0.10719999999999999 0.6728266658653846 0.10306 0.6789866658653847 0.10332 0.69944 0.10454 0.7030133341346154 0.10892 0.7049599999999999 0.11134 0.6929333341346153
0 0.5063799999999999 0.6878666658653846 0.50938 0.7091733341346154 0.5183599999999999 0.7065333341346154 0.51338 0.6852 0.51338 0.6812266658653846 0.5063799999999999 0.67056 0.5063799999999999 0.6878666658653846
0 0.02946 0.6527733341346154 0.02468 0.6510933341346153 0.021159999999999998 0.6527733341346154 0.019899999999999998 0.6574666658653846 0.015880000000000002 0.6567999999999999 0.01412 0.66216 0.01412 0.6702133341346154 0.01186 0.6779200000000001 0.01386 0.68128 0.01412 0.68496 0.0121 0.7054133341346154 0.0184 0.7050933341346154 0.02318 0.7017333341346154 0.027200000000000002 0.6896533341346154 0.02594 0.68128 0.02368 0.6678666658653847 0.02342 0.6678666658653847 0.02544 0.6668533341346153 0.02946 0.6527733341346154
0 0.2369 0.70776 0.2378 0.7015199999999999 0.23726 0.6940533341346153 0.23908 0.69552 0.24070000000000003 0.7056 0.24520000000000003 0.70536 0.24520000000000003 0.70464 0.2443 0.7029599999999999 0.2443 0.70248 0.24448 0.6974400000000001 0.24555999999999997 0.6882933341346154 0.24682 0.6772266658653846 0.2461 0.66736 0.24376 0.66544 0.24232 0.66088 0.23979999999999999 0.6599200000000001 0.23872 0.66184 0.2378 0.66568 0.23509999999999998 0.6705066658653845 0.23186 0.6820533341346154 0.23366 0.6880533341346153 0.23528 0.6933333341346154 0.23258 0.6981599999999999 0.23258 0.70392 0.23186 0.7036800000000001 0.23258 0.7056 0.2369 0.70776
0 0.29819999999999997 0.7047466658653847 0.30152 0.7041866658653846 0.30276000000000003 0.7063999999999999 0.29986 0.7097333341346155 0.29738000000000003 0.7152533341346154 0.29572 0.7169066658653847 0.29406 0.7213333341346153 0.2924 0.7279466658653846 0.29034 0.7368 0.29904 0.7345866658653846 0.29738000000000003 0.7207733341346153 0.30608 0.7097333341346155 0.30898000000000003 0.7036533341346154 0.30816 0.6992266658653846 0.30318 0.69592 0.29656 0.6920533341346153 0.2949 0.6920533341346153 0.29281999999999997 0.6931466658653846 0.2895 0.6981333341346154 0.28744000000000003 0.6970133341346153 0.2837 0.6970133341346153 0.28122 0.6997866658653845 0.2833 0.7063999999999999 0.28868 0.7080533341346154 0.29158 0.7108266658653846 0.29366 0.7102666658653847 0.29572 0.70696 0.29819999999999997 0.7047466658653847