0 0.43243750000000003 0.6389843749999999 0.435015625 0.62671875 0.432953125 0.6151171875 0.426234375 0.6105859375 0.4246875 0.598984375 0.4169375 0.598984375 0.419015625 0.609296875 0.411265625 0.6234960937499999 0.414875 0.6364062500000001 0.415390625 0.65640625 0.43243750000000003 0.67189453125 0.43346875 0.6673828125000001 0.43035937500000004 0.6570507812499999 0.43243750000000003 0.6389843749999999
0 0.56821875 0.6066015625 0.565125 0.606015625 0.5625 0.6091015625 0.5595625 0.61451171875 0.5595625 0.61818359375 0.5549375000000001 0.6249414062499999 0.5536875 0.62939453125 0.5549375000000001 0.6375 0.55740625 0.6401953125000001 0.56203125 0.645234375 0.567140625 0.64734375 0.5723906249999999 0.6479296875 0.577796875 0.64734375 0.575796875 0.63943359375 0.572078125 0.6375 0.572078125 0.63537109375 0.574703125 0.63208984375 0.576875 0.62919921875 0.57425 0.6212695312500001 0.5706875 0.61818359375 0.5723906249999999 0.61220703125 0.56821875 0.6066015625
0 0.5872499999999999 0.6181249999999999 0.5850000000000001 0.61166015625 0.58253125 0.6051953125 0.577578125 0.60435546875 0.577140625 0.60408203125 0.577359375 0.61166015625 0.57578125 0.6189648437499999 0.577359375 0.627109375 0.57196875 0.6366601562499999 0.576453125 0.6375 0.5789375 0.6546484375 0.5872499999999999 0.6599804687499999 0.5865781250000001 0.6566015625 0.58746875 0.6433984375 0.589046875 0.6293554687499999 0.5872499999999999 0.6181249999999999
0 0.49184375 0.63892578125 0.48946875 0.6312109375 0.485203125 0.630625 0.481875 0.6365625 0.483765625 0.64486328125 0.4780625 0.6466601562500001 0.476640625 0.65318359375 0.476171875 0.6668359375 0.479015625 0.6668359375 0.480921875 0.6709960937499999 0.48234375 0.6787109375 0.48995312500000004 0.68822265625 0.49375 0.68287109375 0.495640625 0.6733789062500001 0.500390625 0.6656640625 0.49612500000000004 0.64962890625 0.495640625 0.6460546875000001 0.49089062499999997 0.64427734375 0.49184375 0.63892578125
0 0.432703125 0.68029296875 0.428421875 0.67439453125 0.4228125 0.66794921875 0.415171875 0.6572656250000001 0.413140625 0.650234375 0.41270312500000006 0.64744140625 0.41201562500000005 0.63984375 0.40640624999999997 0.6409765625 0.404375 0.6468750000000001 0.404375 0.651640625 0.4039375 0.6558593749999999 0.401453125 0.65783203125 0.399890625 0.66091796875 0.39853124999999995 0.66259765625 0.401015625 0.6670898437499999 0.40775 0.66794921875 0.412921875 0.67103515625 0.4228125 0.67384765625 0.42865625 0.6786132812500001 0.432703125 0.68029296875
0 0.61378125 0.6726171875 0.6076718750000001 0.6704296875 0.60709375 0.66533203125 0.60884375 0.6606054687499999 0.6041875 0.65478515625 0.59865625 0.660234375 0.59953125 0.6646093750000001 0.597203125 0.66970703125 0.596609375 0.67224609375 0.593125 0.6791601562499999 0.593703125 0.6835351562499999 0.596328125 0.6864453125 0.596609375 0.7002539062500001 0.59953125 0.7013476562500001 0.60709375 0.7031640625000001 0.612625 0.7031640625000001 0.61378125 0.70390625 0.614953125 0.6784375 0.61378125 0.6726171875
0 0.560875 0.5557031250000001 0.558109375 0.55328125 0.55425 0.55328125 0.552 0.55748046875 0.552515625 0.5658984375 0.549546875 0.56806640625 0.547109375 0.572265625 0.54740625 0.5794140624999999 0.548640625 0.5874414062500001 0.5500625 0.59265625 0.552515625 0.5962304687500001 0.554546875 0.593046875 0.55546875 0.58578125 0.555875 0.5809375 0.56015625 0.58068359375 0.56371875 0.583359375 0.566171875 0.5828515625 0.57075 0.58654296875 0.5738125 0.5911328124999999 0.577078125 0.5893359375 0.577171875 0.58705078125 0.576671875 0.58310546875 0.571578125 0.58029296875 0.5681093749999999 0.5763476562500001 0.5628124999999999 0.5674218750000001 0.560875 0.5638671875 0.561171875 0.56015625 0.560875 0.5557031250000001
0 0.553140625 0.6428906249999999 0.54971875 0.6340234375 0.5475156250000001 0.6325000000000001 0.54703125 0.6276171875000001 0.547765625 0.623046875 0.545328125 0.6208984375 0.53896875 0.62060546875 0.5353125 0.6264062499999999 0.536046875 0.63341796875 0.530671875 0.64013671875 0.52871875 0.64990234375 0.5318906250000001 0.6572265625 0.531640625 0.66181640625 0.532140625 0.6676171875 0.532140625 0.6743359375 0.537265625 0.6807421875 0.5436093750000001 0.67494140625 0.551671875 0.659375 0.553625 0.6590625 0.553625 0.6538671875000001 0.553140625 0.6428906249999999
0 0.67959375 0.6708007812500001 0.6758437500000001 0.67056640625 0.67509375 0.6642382812500001 0.6689062499999999 0.6640039062499999 0.6677812500000001 0.67478515625 0.66609375 0.6759570312500001 0.66459375 0.67689453125 0.66384375 0.6869726562499999 0.66721875 0.69142578125 0.67921875 0.6876757812500001 0.68221875 0.68392578125 0.67959375 0.6708007812500001
0 0.6476249999999999 0.67859375 0.64865625 0.6769140625 0.649703125 0.67154296875 0.651625 0.66357421875 0.651625 0.660234375 0.652078125 0.6572851562500001 0.6575624999999999 0.65783203125 0.6587500000000001 0.6591210937499999 0.660671875 0.6559765625 0.6655625000000001 0.64912109375 0.6643749999999999 0.6476367187500001 0.6599375 0.65283203125 0.659046875 0.65060546875 0.6575624999999999 0.6456054687499999 0.6532656250000001 0.6450390625 0.650140625 0.6507812500000001 0.64778125 0.6572851562500001 0.647328125 0.6576562499999999 0.6445156249999999 0.6659765624999999 0.64346875 0.66783203125 0.64465625 0.6728515625 0.6445156249999999 0.6754296875 0.6455468750000001 0.67654296875 0.6476249999999999 0.67859375
0 0.19873437500000002 0.4229296875 0.199125 0.41681640625 0.197234375 0.412734375 0.19421875 0.41226562499999997 0.19145312499999997 0.413828125 0.19120312499999997 0.41884765625 0.19209375 0.42498046875 0.18857812499999999 0.42810546875 0.1869375 0.431875 0.1874375 0.43642578125 0.190203125 0.43517578125 0.19334374999999998 0.43439453125 0.196734375 0.43548828125 0.199 0.4409765625 0.20075 0.44412109375000003 0.20264062500000002 0.42748046875 0.20149999999999998 0.42607421874999996 0.19873437500000002 0.4229296875
0 0.627 0.67287109375 0.625296875 0.6820898437499999 0.6230312499999999 0.69271484375 0.625296875 0.7012304687500001 0.648546875 0.69767578125 0.640046875 0.6820898437499999 0.6337968749999999 0.67287109375 0.627 0.67287109375
0 0.630375 0.6587304687500001 0.63096875 0.6541992187500001 0.6340000000000001 0.64640625 0.6357968749999999 0.6421289062500001 0.6347968749999999 0.63734375 0.633390625 0.6310546875 0.635609375 0.6277734375 0.637015625 0.6234960937499999 0.635 0.62048828125 0.631984375 0.61998046875 0.630171875 0.62123046875 0.62875 0.6242578125 0.625734375 0.62703125 0.623328125 0.6298046875 0.6204999999999999 0.6345703125 0.6199062499999999 0.63986328125 0.62009375 0.6458984375000001 0.6199062499999999 0.65294921875 0.620296875 0.657734375 0.6219062500000001 0.66578125 0.630765625 0.66427734375 0.630765625 0.66376953125 0.630375 0.6587304687500001
0 0.4411057692307692 0.6586538461538461 0.13221153846153846 0.10336538461538461