0 0.88238 0.7275200000000001 0.89016 0.7438133341346155 0.89684 0.7453066658653846 0.8957200000000001 0.7601333341346154 0.90018 0.7630933341346153 0.90796 0.80016 0.9124 0.8579733341346153 0.91796 0.8594666658653847 0.93576 0.8579733341346153 0.9557800000000001 0.8624266658653846 0.9624400000000001 0.8579733341346153 0.9557800000000001 0.8520533341346154 0.9491 0.84168 0.93686 0.8461066658653846 0.93576 0.8327733341346154 0.9393159999999999 0.8315946658653846 0.92464 0.8283333341346153 0.92242 0.8149866658653846 0.93187 0.8186933341346154 0.9457599999999999 0.8164533341346154 0.94466 0.80312 0.9279799999999999 0.8046133341346154 0.9213 0.7912533341346154 0.93631 0.7897866658653846 0.94242 0.7853333341346154 0.9353079999999999 0.7758506658653845 0.9390900000000001 0.7690266658653846 0.934306 0.7619146658653846 0.93576 0.7527200000000001 0.93242 0.7438133341346155 0.932302 0.7340426658653846 0.9413199999999999 0.7393733341346154 0.94688 0.7260266658653846 0.9390999999999999 0.7260266658653846 0.93242 0.7186133341346154 0.94242 0.7141599999999999 0.9279799999999999 0.69488 0.92352 0.6919200000000001 0.92686 0.6770933341346154 0.92464 0.6682133341346154 0.9146399999999999 0.6652266658653846 0.91018 0.66672 0.90796 0.6711733341346153 0.90684 0.6845066658653847 0.91352 0.6934133341346154 0.8935000000000001 0.70824 0.88238 0.7275200000000001
0 0.15358 0.7293333341346154 0.15664 0.73056 0.16 0.7240533341346154 0.16 0.7354666658653847 0.16091999999999998 0.744 0.16274 0.7501066658653847 0.16734 0.7509333341346154 0.1652 0.72976 0.1658 0.7142666658653846 0.16244 0.7114133341346154 0.16244 0.7053066658653846 0.16091999999999998 0.7053066658653846 0.16 0.7097866658653846 0.1603 0.7150933341346154 0.15908 0.7187466658653846 0.15358 0.7293333341346154
0 0.7710600000000001 0.7197866658653846 0.7721600000000001 0.7194133341346153 0.7728600000000001 0.7160799999999999 0.77092 0.71368 0.77036 0.712 0.77092 0.7047733341346153 0.77078 0.6971733341346155 0.76966 0.6945866658653846 0.76938 0.6901333341346153 0.76576 0.6893866658653847 0.76298 0.6916266658653847 0.76284 0.6975466658653846 0.76312 0.7051466658653845 0.7640999999999999 0.7108800000000001 0.76438 0.7199733341346154 0.76786 0.72016 0.7691 0.7164533341346153 0.7710600000000001 0.7197866658653846
0 0.74318 0.7207466658653847 0.75268 0.72176 0.7540399999999999 0.71504 0.7554 0.7073066658653846 0.7554 0.7005866658653847 0.7538400000000001 0.6933333341346154 0.75036 0.6894666658653846 0.7462799999999999 0.6907466658653847 0.74416 0.6954133341346154 0.7455200000000001 0.7052266658653846 0.74726 0.7122133341346154 0.74668 0.7173866658653847 0.74318 0.7207466658653847
0 0.13314 0.7358666658653846 0.13444 0.71816 0.13314 0.7096 0.12886 0.7027466658653846 0.12716 0.7073066658653846 0.12886 0.7141599999999999 0.12672 0.7170133341346154 0.12672 0.7244533341346154 0.12716 0.7398666658653846 0.12758 0.7415733341346153 0.13314 0.7415733341346153 0.13314 0.7358666658653846
0 0.7080599999999999 0.6924 0.7078 0.6946133341346153 0.7055600000000001 0.69776 0.7062600000000001 0.6999733341346153 0.70598 0.7055466658653846 0.71098 0.7072 0.7121000000000001 0.7001600000000001 0.7121000000000001 0.69832 0.71016 0.69592 0.71058 0.6944266658653846 0.7096 0.6918399999999999 0.7080599999999999 0.6924
0 0.46006 0.7048 0.46074000000000004 0.7067733341346153 0.45908000000000004 0.70768 0.45792 0.7089866658653846 0.45692 0.71496 0.4582 0.72328 0.45898 0.7256533341346153 0.45858000000000004 0.7293066658653846 0.46212 0.7337333341346154 0.4623 0.7348 0.4625 0.7371466658653846 0.46466 0.7348 0.46506 0.73112 0.46328 0.7287733341346154 0.4629 0.7225066658653846 0.46387999999999996 0.7238133341346155 0.46486000000000005 0.72512 0.46544 0.7258933341346154 0.46682 0.7285066658653846 0.46780000000000005 0.7266933341346153 0.46799999999999997 0.7238133341346155 0.4674 0.7214666658653847 0.46702 0.7180533341346155 0.46642 0.7157066658653846 0.46799999999999997 0.7149333341346154 0.46818 0.7144 0.4672 0.7091733341346154 0.46642 0.7078666658653846 0.46486000000000005 0.7076 0.46603999999999995 0.7065600000000001 0.46506 0.7018666658653847 0.46387999999999996 0.7000266658653846 0.46054 0.7002933341346154 0.4599 0.70192 0.4594 0.7036800000000001 0.46006 0.7048
0 0.72072 0.71048 0.72288 0.7102133341346154 0.72434 0.70776 0.7223 0.7030666658653846 0.7211200000000001 0.7011200000000001 0.7200399999999999 0.69944 0.7197600000000001 0.69904 0.71994 0.6985333341346155 0.7200399999999999 0.6970933341346155 0.71986 0.69552 0.718 0.6951466658653846 0.71712 0.6956533341346154 0.7162400000000001 0.6966933341346154 0.71634 0.698 0.71702 0.6993066658653846 0.71596 0.6987733341346154 0.7138000000000001 0.6995733341346154 0.7133200000000001 0.7124266658653846 0.7157600000000001 0.7138666658653846 0.71536 0.72376 0.71556 0.7246666658653846 0.72082 0.7246666658653846 0.72072 0.71048
0 0.48714 0.7085600000000001 0.48688 0.70544 0.48312000000000005 0.70544 0.48318 0.70864 0.48104 0.70936 0.4809 0.7164266658653846 0.48928 0.7162666658653846 0.48916 0.7092799999999999 0.48714 0.7085600000000001
0 0.11130000000000001 0.7235466658653846 0.11130000000000001 0.7222133341346153 0.11142 0.7182133341346154 0.11142 0.7155466658653846 0.11118 0.7133866658653846 0.10892 0.7115466658653846 0.10892 0.70936 0.10792 0.7065333341346154 0.10665999999999999 0.7060266658653845 0.10516 0.7058666658653846 0.10404 0.7065333341346154 0.10328000000000001 0.7080266658653845 0.10342 0.7100533341346154 0.10378 0.7113866658653846 0.10392 0.71456 0.1014 0.7135466658653846 0.10003999999999999 0.7128800000000001 0.10054 0.7148800000000001 0.10116 0.7173866658653847 0.10153999999999999 0.7192266658653845 0.10203999999999999 0.7200533341346154 0.10304 0.7215466658653846 0.10304 0.7250666658653846 0.10892 0.7263999999999999 0.10966000000000001 0.72472 0.11130000000000001 0.7235466658653846
0 0.03032 0.7159733341346153 0.0292 0.7168266658653846 0.02406 0.7191733341346154 0.02712 0.72048 0.03032 0.7202666658653847 0.03322 0.71984 0.03226 0.7301066658653846 0.03338 0.7316 0.0329 0.73632 0.03226 0.7414666658653846 0.03274 0.7429600000000001 0.0374 0.74424 0.03996 0.7444533341346153 0.04158 0.7444533341346153 0.0427 0.74232 0.042539999999999994 0.7361066658653846 0.04238 0.7333333341346153 0.04222 0.7253866658653846 0.04222 0.7189599999999999 0.04206 0.7159733341346153 0.040600000000000004 0.7104 0.03996 0.7082666658653847 0.03996 0.7046133341346154 0.03996 0.7043999999999999 0.0382 0.70184 0.03546 0.7026933341346153 0.034339999999999996 0.7048266658653847 0.0329 0.70848 0.032100000000000004 0.7114666658653845 0.03032 0.7159733341346153
0 0.69246 0.6979733341346154 0.6913199999999999 0.6961866658653846 0.6896 0.6979733341346154 0.6884800000000001 0.7030133341346154 0.68998 0.7078399999999999 0.6936 0.7093333341346154 0.6934 0.70632 0.69302 0.7022666658653847 0.69246 0.6979733341346154
0 0.45552884615384615 0.7175480769230769 0.6814903846153846 0.06971153846153846