0 0.13775 0.108125 0.138 0.11241666586538461 0.13775 0.11737500000000001 0.13899999999999998 0.12133333413461538 0.14096875 0.1206875 0.14146875 0.11770833413461539 0.14121875 0.1150625 0.14121875 0.11241666586538461 0.14146875 0.10879166586538462 0.1451875 0.1077916658653846 0.14395312500000002 0.1058125 0.14221875 0.10316666586538462 0.14171875 0.09954166586538461 0.139984375 0.09789583413461538 0.13874999999999998 0.09854166586538461 0.13775 0.1011875 0.13775 0.10416666586538462 0.137515625 0.10185416586538462 0.137015625 0.10450000000000001 0.13775 0.108125
0 0.29625 0.06849999999999999 0.29625 0.06739583413461539 0.2950625 0.06483333413461538 0.29240625000000003 0.06460416586538462 0.290671875 0.0661875 0.289765625 0.06862499999999999 0.2885625 0.07239583413461538 0.286375 0.07314583413461538 0.28317187499999996 0.07495833413461538 0.28426562499999997 0.07679166586538462 0.2865625 0.07777083413461537 0.28893749999999996 0.07935416586538462 0.29359375 0.08083333413461538 0.2940625 0.08362499999999999 0.29771875 0.0847291658653846 0.29771875 0.07935416586538462 0.2978125 0.078375 0.2988125 0.07558333413461539 0.298546875 0.07179166586538462 0.29753124999999997 0.07008333413461539 0.29625 0.06849999999999999
0 0.397046875 0.10104166586538461 0.39412499999999995 0.0973333341346154 0.3915 0.09585416586538462 0.3896875 0.09308333413461539 0.38720312500000004 0.095125 0.388171875 0.10085416586538462 0.387609375 0.10435416586538461 0.38789062500000004 0.107875 0.390390625 0.1075 0.391359375 0.10214583413461538 0.39232812499999997 0.10658333413461539 0.39275 0.11454166586538461 0.391078125 0.11766666586538463 0.3921875 0.11952083413461538 0.39315625 0.12027083413461538 0.395796875 0.11989583413461538 0.3959375 0.11879166586538462 0.395796875 0.11841666586538462 0.395375 0.11175 0.39565625 0.11010416586538462 0.39718749999999997 0.10602083413461538 0.397046875 0.10104166586538461
0 0.41251562500000005 0.08625000000000001 0.410546875 0.0905416658653846 0.409296875 0.09410416586538463 0.40895312500000003 0.09862499999999999 0.41109375 0.09910416586538462 0.41090625000000003 0.10647916586538461 0.411796875 0.11218750000000001 0.415375 0.11218750000000001 0.416078125 0.103375 0.41840625 0.0950625 0.416625 0.09125 0.4164375 0.08839583413461538 0.4164375 0.08910416586538461 0.4151875 0.08650000000000001 0.41251562500000005 0.08625000000000001
0 0.38953125 0.061625 0.38807812499999994 0.060333334134615384 0.38275 0.0687291658653846 0.383234375 0.07645833413461539 0.381296875 0.08033333413461538 0.383234375 0.08291666586538461 0.38807812499999994 0.07195833413461539 0.38953125 0.061625
0 0.340453125 0.09008333413461538 0.336765625 0.0988125 0.336765625 0.10647916586538461 0.33390625 0.11358333413461538 0.3416875 0.11577083413461538 0.343328125 0.09116666586538462 0.340453125 0.09008333413461538
0 0.3739375 0.05852083413461539 0.375359375 0.05554166586538462 0.375359375 0.05177083413461539 0.3723125 0.05122916586538462 0.37029687499999997 0.05554166586538462 0.369078125 0.05933333413461538 0.369078125 0.06391666586538461 0.36765624999999996 0.06716666586538461 0.36867187500000004 0.06822916586538462 0.3723125 0.06472916586538462 0.374140625 0.060937500000000006 0.3755625 0.059875000000000005 0.3739375 0.05852083413461539
0 0.48573437499999994 0.1281875 0.489109375 0.1285416658653846 0.489890625 0.12645833413461538 0.491953125 0.13062500000000002 0.49378125 0.12612500000000001 0.49403125 0.1209375 0.49454687500000005 0.11366666586538463 0.49454687500000005 0.11020833413461538 0.49403125 0.10710416586538461 0.489890625 0.11297916586538462 0.48859375 0.1164375 0.48806249999999995 0.12266666586538462 0.48573437499999994 0.1281875
0 0.29340625 0.09522916586538462 0.29340625 0.09927083413461538 0.2924375 0.10114583413461539 0.28853125 0.10216666586538461 0.290046875 0.1059166658653846 0.3029375 0.10706249999999999 0.303484375 0.10504166586538462 0.2989375 0.10216666586538461 0.297515625 0.09970833413461538 0.295796875 0.09625 0.295140625 0.095375 0.29426562500000003 0.0945 0.29340625 0.09522916586538462
0 0.23926562499999998 0.10710416586538461 0.241171875 0.10710416586538461 0.240640625 0.09879166586538461 0.24359375 0.0969583341346154 0.243234375 0.09164583413461538 0.240296875 0.08887500000000001 0.239953125 0.08587499999999999 0.23753125 0.08541666586538461 0.2371875 0.09004166586538462 0.23407812499999997 0.09418750000000001 0.23528125 0.0981041658653846 0.236671875 0.09902083413461539 0.233375 0.10410416586538461 0.23476562499999998 0.10572916586538463 0.2385625 0.10110416586538462 0.23926562499999998 0.10710416586538461
0 0.319484375 0.6441458341346155 0.323375 0.6727291658653846 0.34090625 0.7012916658653846 0.3584375 0.716875 0.37403125000000004 0.716875 0.3818125 0.7090833341346153 0.39740625 0.6909166658653846 0.44415625000000003 0.6675416658653847 0.46364062500000003 0.64675 0.475328125 0.6493541658653845 0.487015625 0.6571458341346154 0.49870312499999997 0.6779166658653846 0.5025937500000001 0.7012916658653846 0.51234375 0.7324583341346155 0.5181875 0.7584375 0.5435 0.7922083341346154 0.60584375 0.8181875 0.6311718749999999 0.8181875 0.66234375 0.8026041658653846 0.695453125 0.7818124999999999 0.701296875 0.7688333341346154 0.7285781250000001 0.7350625 0.75 0.7142916658653846 0.7597343750000001 0.6805208341346154 0.7714218749999999 0.6441458341346155 0.7714218749999999 0.623375 0.7636406250000001 0.5896041658653846 0.7636406250000001 0.5636458341346153 0.7733749999999999 0.5246666658653847 0.781171875 0.5065000000000001 0.783109375 0.49610416586538464 0.798703125 0.470125 0.798703125 0.4519583341346154 0.7850625 0.4311666658653846 0.783109375 0.423375 0.777265625 0.4026041658653846 0.76753125 0.4026041658653846 0.7733749999999999 0.3896041658653846 0.777265625 0.37922916586538463 0.777265625 0.3688333341346154 0.777265625 0.34025000000000005 0.7714218749999999 0.3142916658653846 0.7636406250000001 0.30389583413461535 0.734421875 0.2961041658653846 0.716890625 0.30389583413461535 0.70325 0.31687499999999996 0.68765625 0.3350625 0.67403125 0.34804166586538465 0.6681875 0.3610416658653846 0.6681875 0.38702083413461535 0.666234375 0.4155833341346154 0.666234375 0.44156249999999997 0.660390625 0.45454166586538464 0.654546875 0.470125 0.637015625 0.48831250000000004 0.6136406249999999 0.5065000000000001 0.6 0.5194791658653846 0.5883125 0.5350625 0.572734375 0.5636458341346153 0.56103125 0.5662291658653846 0.5318125 0.5688333341346155 0.5220781250000001 0.5688333341346155 0.5065000000000001 0.5610416658653846 0.48896875 0.5454583341346153 0.47921874999999997 0.5454583341346153 0.4149375 0.5844166658653847 0.3935 0.5844166658653847 0.37403125000000004 0.5740208341346154 0.366234375 0.5558541658653846 0.34090625 0.5558541658653846 0.34090625 0.5610416658653846 0.327265625 0.5818125 0.327265625 0.5896041658653846 0.327265625 0.6077916658653846 0.319484375 0.6441458341346155
0 0.2528125 0.10893749999999999 0.2528125 0.11297916586538462 0.25793750000000004 0.11420833413461538 0.26003125 0.11420833413461538 0.26003125 0.11141666586538462 0.25979687500000004 0.10614583413461538 0.260734375 0.10085416586538462 0.25909375 0.09402083413461539 0.258859375 0.0921666658653846 0.25582812499999996 0.09091666586538462 0.25490625 0.09185416586538463 0.25490625 0.09558333413461538 0.255140625 0.10116666586538461 0.255140625 0.10583333413461539 0.2528125 0.10893749999999999
0 0.37840625 0.07441666586538462 0.37723437499999996 0.07004166586538461 0.374421875 0.07254166586538462 0.374421875 0.07504166586538462 0.374890625 0.0803541658653846 0.375125 0.08222916586538462 0.37278125 0.08629166586538463 0.37301562499999996 0.09035416586538461 0.37559375000000006 0.09066666586538462 0.37770312500000003 0.09035416586538461 0.37793750000000004 0.08941666586538462 0.37723437499999996 0.08316666586538461 0.37934375 0.08004166586538462 0.3798125 0.07785416586538461 0.37840625 0.07441666586538462
0 0.29086538461538464 0.09254807692307693 0.39903846153846156 0.11057692307692307