0 0.8125156250000001 0.9054569182692307 0.8115781249999999 0.9046736298076923 0.808765625 0.9011488245192307 0.8078281250000001 0.9086161875 0.80640625 0.9117493461538462 0.8057031250000001 0.9231331586538462 0.808296875 0.9286422980769231 0.8080625 0.9360835504807692 0.810171875 0.944334204326923 0.81228125 0.9537597908653846 0.808765625 0.9561096610576924 0.81534375 0.955718016826923 0.8158124999999999 0.9514099206730768 0.81534375 0.9521932115384615 0.8139375 0.9372584855769232 0.8146406249999999 0.9290339423076923 0.814171875 0.9109660576923078 0.8125156250000001 0.9054569182692307
0 0.7900937499999999 0.9001044375 0.7884531250000001 0.898433420673077 0.788578125 0.9068407307692308 0.786953125 0.91 0.78896875 0.9186422980769231 0.787453125 0.9207310697115385 0.7864375 0.9266318533653847 0.788578125 0.9297911225961539 0.78984375 0.9251436033653846 0.791484375 0.9220104447115385 0.792109375 0.9287206274038462 0.7935 0.9304177548076923 0.794875 0.9293733677884616 0.794875 0.9236814615384615 0.794625 0.9177806778846154 0.7933749999999999 0.9129503918269232 0.792734375 0.9034725841346154 0.792859375 0.9079112259615385 0.7923593750000001 0.9001044375 0.7900937499999999 0.9001044375
0 0.716890625 0.9451174927884616 0.718890625 0.9449347259615385 0.7204375 0.9486422980769231 0.7204375 0.9451174927884616 0.7201093749999999 0.9403133149038462 0.7201093749999999 0.9379112259615384 0.72 0.9334464759615385 0.7196718750000001 0.9286422980769231 0.7196718750000001 0.9245691899038462 0.7196718750000001 0.918433420673077 0.7181093749999999 0.9147258485576923 0.7175624999999999 0.9136292427884616 0.715015625 0.9087989567307692 0.7123437499999999 0.9095561346153846 0.711796875 0.9147258485576923 0.7115781250000001 0.9186161875000001 0.710234375 0.9204699735576922 0.709125 0.9262140985576923 0.7103437499999999 0.9349347259615384 0.711234375 0.9423498701923076 0.7147812499999999 0.94569190625 0.714671875 0.9490078317307693 0.7157812499999999 0.9540208870192307 0.715671875 0.9549608365384615 0.7195625000000001 0.95143603125 0.716890625 0.9451174927884616
0 0.968921875 0.9476240216346153 0.972125 0.9486945168269231 0.97084375 0.9307571802884615 0.971796875 0.924073108173077 0.9687656250000001 0.9165796346153846 0.9698906249999999 0.9125587475961539 0.9666875 0.90856396875 0.963796875 0.9088250649038462 0.963640625 0.9109660576923078 0.963953125 0.9149869447115384 0.962515625 0.9179112259615384 0.9642812500000001 0.9245953004807692 0.9655625 0.9347780673076923 0.964921875 0.9451958221153846 0.964765625 0.9502872067307693 0.96828125 0.9457441249999999 0.968921875 0.9476240216346153
0 0.992328125 0.9277023509615384 0.991859375 0.9191122716346154 0.9902187499999999 0.9128459519230769 0.9876406249999999 0.9054308100961539 0.98484375 0.9050391634615385 0.983671875 0.9073890336538462 0.9827343749999999 0.9124543076923076 0.9815625 0.9151958221153845 0.9815625 0.9191122716346154 0.9827343749999999 0.9230287211538462 0.9827343749999999 0.9288772836538463 0.984375 0.938642298076923 0.985078125 0.9460835504807693 0.99209375 0.9503916442307693 0.99209375 0.9409921682692308 0.992328125 0.9277023509615384
0 0.414125 0.9262924278846154 0.41628125 0.9256396874999999 0.41715625 0.9194255865384615 0.41803125 0.9115926899038461 0.417640625 0.9057180168269231 0.41490625 0.8978851177884616 0.41334375 0.8965796346153846 0.41159375000000004 0.8991906009615385 0.411203125 0.9047519591346155 0.411296875 0.9096344639423077 0.4115 0.9194255865384615 0.4139375 0.925953002403846 0.41403124999999996 0.925953002403846 0.414125 0.9262924278846154
0 0.93596875 0.9429765024038462 0.9343593749999999 0.9487467355769231 0.9399531250000001 0.9509921682692308 0.9399531250000001 0.9434203653846154 0.9399531250000001 0.9394255865384615 0.936234375 0.9327415144230768 0.9354375 0.9274151442307693 0.935703125 0.9211749350961539 0.935703125 0.9162924278846154 0.9343593749999999 0.9118276754807693 0.927984375 0.9189556129807692 0.9271718750000001 0.921618798076923 0.9277187499999999 0.9309660576923077 0.92825 0.93851175 0.9271718750000001 0.9425326370192307 0.925578125 0.9487467355769231 0.9271718750000001 0.9483028725961538 0.93090625 0.94430809375 0.9314375 0.9376240216346154 0.9317031250000001 0.9354046995192308 0.93596875 0.9429765024038462
0 0.42228125000000005 0.9102610961538461 0.420953125 0.90856396875 0.41962499999999997 0.9097650120192308 0.419109375 0.9138381201923077 0.418296875 0.9261357692307691 0.42228125000000005 0.925953002403846 0.422375 0.9252741514423076 0.42228125000000005 0.917258485576923 0.42228125000000005 0.9102610961538461
0 0.813625 0.9198955625 0.8144843749999999 0.9320626634615384 0.817140625 0.9322715408653846 0.8185625 0.9290861610576923 0.819484375 0.9236031322115384 0.8193750000000001 0.9198955625 0.8180625 0.9149347259615385 0.81565625 0.9133681466346153 0.815109375 0.9101827668269231 0.8148593749999999 0.9095561346153846 0.8138593749999999 0.9115143605769231 0.813625 0.9198955625
0 0.38156249999999997 0.9002610961538462 0.379625 0.9004699735576923 0.37754687500000006 0.9027154038461538 0.377296875 0.9061618798076924 0.376578125 0.9086161875 0.376578125 0.9132898173076923 0.37693750000000004 0.9224543076923077 0.37742187499999996 0.9267362932692307 0.377296875 0.9281462139423078 0.37925 0.924281983173077 0.381203125 0.9279634471153847 0.38290624999999995 0.9279634471153847 0.38290624999999995 0.9224543076923077 0.382671875 0.919817233173077 0.38290624999999995 0.9079895552884616 0.383390625 0.9061618798076924 0.38132812499999996 0.9055613581730769 0.38156249999999997 0.9002610961538462
0 0.490234375 0.9134725841346154 0.487203125 0.9237597908653845 0.49253125 0.9248563966346153 0.49409375 0.9207049615384615 0.49676562500000004 0.9225326370192307 0.49932812499999996 0.9173107043269231 0.49932812499999996 0.9137859014423076 0.498875 0.9053263701923077 0.4975 0.9007310697115384 0.49603125 0.9024281995192307 0.495015625 0.9062663197115385 0.4945625 0.9105483028846154 0.492625 0.9114882499999999 0.490234375 0.9134725841346154
0 0.06090625 0.8917493461538462 0.060234375 0.8938120096153847 0.062046874999999994 0.8974151442307693 0.060796875 0.9051697139423076 0.064640625 0.905744125 0.06453125 0.8996866850961538 0.06578125 0.8979895552884615 0.06725 0.8949608365384615 0.064875 0.8932637067307693 0.064984375 0.8909921682692308 0.06453125 0.8868146225961537 0.063171875 0.8866318533653845 0.06271875 0.888537858173077 0.0625 0.8896605745192308 0.062265625 0.8917493461538462 0.06090625 0.8917493461538462
0 0.923875 0.92143603125 0.92303125 0.932845951923077 0.92415625 0.9370234975961539 0.925828125 0.9314360312500001 0.926515625 0.9219060048076924 0.92903125 0.9128198437499999 0.9297187499999999 0.9121148822115385 0.92790625 0.9074673629807692 0.925828125 0.9007049615384616 0.923453125 0.9074673629807692 0.923875 0.92143603125
0 0.5240384615384616 0.9206730769230769 0.9170673076923077 0.13822115384615385