0 0.28362 0.9938933341346154 0.29116 0.9868 0.2854 0.9809066658653846 0.28006 0.9743999999999999 0.28006 0.9625866658653847 0.28362 0.9566666658653846 0.28584 0.9501600000000001 0.27918 0.9377333341346153 0.27608 0.9377333341346153 0.26722 0.93952 0.261 0.9489866658653846 0.26233999999999996 0.9670933341346154 0.25878 0.9844533341346153 0.25878 0.9950933341346153 0.28052 0.9992266658653846 0.28362 0.9938933341346154
0 0.41224 0.9882133341346153 0.41059999999999997 0.9729066658653847 0.40362000000000003 0.9718133341346153 0.38888 0.97072 0.38108 0.9887733341346153 0.38026000000000004 0.9991466658653846 0.41018000000000004 1 0.41224 0.9882133341346153
0 0.35581999999999997 0.9482133341346154 0.35612 0.93776 0.35726 0.9320533341346154 0.35825999999999997 0.9255733341346153 0.35925999999999997 0.9329866658653846 0.36025999999999997 0.9324266658653847 0.36010000000000003 0.9189066658653846 0.35568000000000005 0.9154933341346154 0.35512 0.9114933341346153 0.3544 0.9078666658653846 0.34998 0.9080533341346153 0.34926 0.91016 0.35012000000000004 0.9154933341346154 0.34712 0.9166133341346154 0.3467 0.92024 0.34598 0.9280533341346153 0.34784 0.9280533341346153 0.34968 0.9206133341346153 0.34940000000000004 0.9324266658653847 0.34984000000000004 0.94288 0.34984000000000004 0.9440266658653846 0.3524 0.9484 0.35581999999999997 0.9482133341346154
0 0.8572399999999999 0.9893866658653846 0.8572399999999999 0.9858666658653846 0.86096 0.9771733341346154 0.86328 0.9722133341346153 0.86096 0.9902133341346153 0.8666999999999999 0.9885599999999999 0.86516 0.9782133341346154 0.86826 0.9618666658653846 0.86702 0.9476 0.86452 0.9405866658653845 0.86158 0.9376800000000001 0.86158 0.93624 0.85988 0.9322933341346153 0.8583200000000001 0.9318933341346154 0.8561599999999999 0.9321066658653846 0.85554 0.93376 0.85554 0.9364266658653846 0.85708 0.93872 0.85864 0.9416 0.856 0.94616 0.8522799999999999 0.9492533341346154 0.8522799999999999 0.95216 0.85708 0.9519466658653847 0.85972 0.9511200000000001 0.8574 0.9606399999999999 0.8583200000000001 0.9647733341346154 0.8574 0.97512 0.85476 0.9813066658653846 0.8514999999999999 0.98608 0.8525799999999999 0.9891733341346154 0.8572399999999999 0.9893866658653846
0 0.3295 1 0.32848 0.9982933341346154 0.31776000000000004 0.9905600000000001 0.31052 0.9897866658653847 0.31094000000000005 0.9865066658653846 0.31428 0.98128 0.31878 0.9784 0.32326 0.9718133341346153 0.32486000000000004 0.9689333341346154 0.31804 0.9650666658653846 0.31008 0.9638933341346154 0.31052 0.96216 0.31066 0.95 0.30516 0.9474933341346153 0.29472 0.9486399999999999 0.28864 0.9511466658653845 0.28850000000000003 0.9650666658653846 0.28068 0.9685333341346154 0.2798 0.9712533341346153 0.28038 0.9774133341346154 0.28603999999999996 0.984 0.29096 0.9824533341346153 0.29168 0.98728 0.28864 0.9890133341346155 0.28256000000000003 0.9907466658653846 0.27662 0.9949866658653845 0.2743 1 0.27938 1 0.3295 1
0 0.9263 0.9565866658653845 0.9263 0.9527466658653846 0.92406 0.9518933341346153 0.9211799999999999 0.9531733341346154 0.9202199999999999 0.9578666658653846 0.91862 0.9586933341346153 0.9202199999999999 0.9659466658653847 0.9215 0.9697866658653846 0.92884 0.96936 0.92948 0.9676533341346154 0.92788 0.95744 0.9263 0.9565866658653845
0 0.7209800000000001 0.9708266658653847 0.72132 0.9583733341346155 0.72066 0.9437066658653847 0.7199800000000001 0.9361333341346154 0.71498 0.9223466658653846 0.7116399999999999 0.9290133341346153 0.7103 0.9348 0.71098 0.9468266658653846 0.71098 0.95704 0.7089799999999999 0.96816 0.71098 0.97272 0.71398 0.9749333341346154 0.7209800000000001 0.9708266658653847
0 0.12788 0.91832 0.13055999999999998 0.91208 0.13122 0.9046666658653847 0.13122 0.9005066658653846 0.1321 0.8942933341346154 0.13032000000000002 0.8913066658653845 0.12722 0.89192 0.12075999999999999 0.89904 0.11742 0.91 0.11986 0.9147733341346154 0.12098 0.9189066658653846 0.11964 0.9236533341346154 0.11674 0.9298933341346154 0.1163 0.9349333341346154 0.1252 0.9397066658653846 0.1261 0.9331733341346153 0.1252 0.9272266658653846 0.12788 0.91832
0 0.9717399999999999 0.9145866658653846 0.97132 0.9132800000000001 0.97048 0.9118133341346154 0.9709000000000001 0.9101333341346154 0.97062 0.90752 0.9688 0.90696 0.9674 0.9077066658653846 0.9675400000000001 0.9095733341346153 0.9676800000000001 0.912 0.96712 0.9125333341346155 0.9667 0.91552 0.96684 0.9198133341346153 0.96712 0.9218666658653846 0.96726 0.9304533341346153 0.97146 0.93008 0.9723 0.9207466658653847 0.9717399999999999 0.9145866658653846
0 0.84484 0.97792 0.8466 0.9750133341346154 0.85176 0.9721333341346153 0.8536600000000001 0.9659733341346153 0.85176 0.9612799999999999 0.84932 0.9589066658653846 0.84728 0.9525866658653845 0.8418599999999999 0.9452533341346154 0.83724 0.9434400000000001 0.8351999999999999 0.9466933341346154 0.83602 0.9528266658653847 0.83682 0.9578933341346154 0.83168 0.9658666658653845 0.83438 0.9676800000000001 0.8364199999999999 0.9676800000000001 0.84144 0.9685866658653846 0.8447 0.9729333341346155 0.83806 0.97672 0.83548 0.99136 0.83968 0.9947999999999999 0.84212 0.9900266658653846 0.8428 0.9847733341346154 0.84144 0.98208 0.8419800000000001 0.9798933341346154 0.84484 0.97792
0 0.8218000000000001 0.9695199999999999 0.82582 0.9699466658653846 0.82984 0.9686666658653846 0.82936 0.9650133341346153 0.8292 0.95752 0.82806 0.9504533341346153 0.82662 0.9433866658653846 0.8262999999999999 0.9365333341346154 0.82598 0.9333066658653847 0.82534 0.9316 0.8230799999999999 0.9313866658653847 0.82132 0.9341866658653846 0.81972 0.9406133341346153 0.82068 0.9504533341346153 0.82148 0.9592266658653846 0.8218000000000001 0.9695199999999999
0 0.76714 0.9436266658653847 0.76818 0.96816 0.76818 0.97616 0.7758200000000001 0.9769866658653845 0.77542 0.9579733341346154 0.7749999999999999 0.94776 0.7712800000000001 0.9375733341346154 0.76714 0.9436266658653847
0 0.08951999999999999 1 0.09114 0.9942666658653846 0.09146 0.9877866658653847 0.09114 0.9843466658653846 0.08821999999999999 0.9787199999999999 0.07851999999999999 0.9692266658653845 0.08208 0.9562933341346154 0.0866 0.9446399999999999 0.08564000000000001 0.9364266658653846 0.08045999999999999 0.9278133341346154 0.07074 0.9256533341346154 0.0591 0.9278133341346154 0.05328 0.9373066658653847 0.0523 0.9545600000000001 0.05198 0.95888 0.04744 0.9632 0.043879999999999995 0.9679466658653847 0.03352 0.9718133341346153 0.02544 0.9903733341346155 0.024139999999999998 1 0.08951999999999999 1
0 0.5 0.9170673076923077 0.9963942307692307 0.11778846153846154