0 0.22078124999999998 0.8898958341346154 0.19214062499999998 0.8314583341346153 0.17190625 0.7280833341346155 0.161796875 0.6584166658653847 0.12640625 0.5640416658653846 0.087640625 0.5348333341346154 0 0.5348333341346154 0.003375 0.9954999999999999 0.2039375 0.99775 0.22078124999999998 0.8898958341346154
0 0.872375 1 0.8763124999999999 0.9912916658653846 0.882890625 0.9368958341346154 0.8802656249999999 0.8596874999999999 0.86315625 0.8087916658653846 0.838140625 0.7807083341346155 0.81840625 0.7561458341346154 0.8197187499999999 0.7438541658653846 0.83025 0.7228125 0.847359375 0.6859583341346155 0.8407812499999999 0.6350625 0.8039218750000001 0.6087291658653846 0.75128125 0.614 0.73021875 0.6420833341346154 0.77496875 0.8245833341346154 0.807875 0.9509375 0.82103125 1 0.872375 1
0 0.185203125 0.7933125 0.193015625 0.8083541658653846 0.201703125 0.8373125 0.23296875 0.8755208341346153 0.23990625000000002 0.826875 0.2520625 0.7446875000000001 0.278125 0.698375 0.27725 0.6948958341346153 0.2529375 0.6809999999999999 0.284203125 0.6532083341346154 0.2859375 0.6393125000000001 0.271171875 0.6080625000000001 0.271171875 0.5918541658653846 0.255546875 0.5721666658653846 0.24512499999999998 0.5501666658653847 0.23470312499999998 0.5281666658653846 0.20518750000000002 0.5200625 0.18260937500000002 0.5235416658653846 0.15221875 0.5432291658653846 0.14265624999999998 0.5710208341346154 0.146125 0.6034375 0.15915625 0.6427916658653847 0.17565624999999999 0.6972083341346154 0.18346874999999999 0.7064791658653846 0.178265625 0.7400416658653846 0.185203125 0.7933125
0 1 0.6636249999999999 0.9725625 0.6405 0.94003125 0.5754583341346154 0.921609375 0.5638958341346154 0.8945156249999999 0.5798125 0.88584375 0.6101458341346153 0.9042656250000001 0.650625 0.9194375 0.6665208341346154 0.941125 0.6910833341346153 0.937875 0.7084374999999999 0.89234375 0.683875 0.907515625 0.7402291658653847 0.9107656249999999 0.7344583341346154 0.9476249999999999 0.7590208341346153 1 0.8240625 1 0.6636249999999999
0 0.066796875 0.3664166658653846 0.06514062500000001 0.38106249999999997 0.06459374999999999 0.3913333341346154 0.06625 0.40452083413461537 0.069546875 0.442625 0.0766875 0.4521458341346154 0.083828125 0.4484791658653846 0.083828125 0.4375 0.083828125 0.41916666586538465 0.086578125 0.3979166658653846 0.079984375 0.37814583413461544 0.08053125 0.3598125 0.07009375 0.3598125 0.066796875 0.3664166658653846
0 0.30115625 0.6680625 0.31171875000000004 0.6586666658653846 0.337390625 0.639875 0.338390625 0.6311666658653846 0.341921875 0.6278125 0.341921875 0.6204166658653846 0.336890625 0.6090208341346154 0.322796875 0.5989583341346154 0.31171875000000004 0.59425 0.30015625 0.59425 0.290078125 0.5969375 0.27799999999999997 0.6076875 0.274984375 0.6170625 0.277 0.6224375000000001 0.278515625 0.6305000000000001 0.28253125 0.637875 0.2855625 0.6546458341346154 0.279015625 0.6586666658653846 0.2669375 0.6694166658653846 0.268953125 0.6794791658653847 0.273984375 0.6861875000000001 0.28153125 0.6915416658653846 0.28203125 0.6928958341346154 0.284546875 0.6848333341346154 0.30115625 0.6680625
0 0.687453125 0.5833333341346154 0.7293125 0.6308333341346154 0.73465625 0.6361875 0.739109375 0.6171666658653846 0.730203125 0.6035208341346153 0.7065937499999999 0.5773958341346154 0.711046875 0.5494791658653846 0.7003593749999999 0.5358125 0.68878125 0.5376041658653846 0.67140625 0.5536458341346153 0.67140625 0.5554166658653846 0.6767656249999999 0.5726458341346153 0.687453125 0.5833333341346154
0 0.663890625 0.55825 0.66721875 0.5382291658653846 0.6597187499999999 0.5159791658653846 0.644703125 0.504875 0.628015625 0.5070833341346154 0.61634375 0.5293333341346154 0.6171875 0.5282083341346154 0.6238593750000001 0.5604583341346154 0.663890625 0.55825
0 0.881125 0.8559583341346154 0.87890625 0.8963333341346154 0.89671875 0.9082083341346153 0.9047343750000001 0.9188958341346154 0.90028125 0.9462083341346154 0.9194375 0.9972916658653846 0.9978125 0.9996666658653847 0.9995937500000001 0.8820833341346154 0.9791093750000001 0.8565416658653846 0.98890625 0.8185416658653846 0.9751093750000001 0.7947916658653846 0.9635312500000001 0.7864791658653847 0.948375 0.7746041658653847 0.931015625 0.7829166658653846 0.9109687500000001 0.8244791658653846 0.9176562500000001 0.8577291658653846 0.909640625 0.8737708341346154 0.881125 0.8559583341346154
0 0.27746875000000004 0.6930416658653846 0.25056249999999997 0.7625625 0.220296875 0.9800416658653847 0.79540625 0.9867708341346154 0.7920468749999999 0.9800416658653847 0.718046875 0.6257916658653847 0.6793750000000001 0.5876666658653846 0.5919218749999999 0.5674791658653846 0.565015625 0.5607708341346154 0.58184375 0.47331249999999997 0.58015625 0.39483333413461535 0.576796875 0.3275833341346154 0.55325 0.2513541658653846 0.53475 0.20202083413461538 0.47085937499999997 0.17510416586538463 0.41871875000000003 0.21995833413461538 0.3918125 0.2692916658653846 0.38171875 0.35225 0.38509375 0.4822916658653846 0.396859375 0.5607708341346154 0.412 0.5764583341346154 0.38171875 0.6078541658653847 0.27746875000000004 0.6930416658653846
0 0.814078125 0.5775625 0.81415625 0.5740208341346154 0.8169687499999999 0.5733125 0.81909375 0.5722083341346154 0.8216718749999999 0.5704791658653846 0.8216718749999999 0.5688541658653846 0.82153125 0.5648958341346154 0.8199218749999999 0.5623750000000001 0.8177187499999999 0.5645 0.815671875 0.5670416658653846 0.81415625 0.5683541658653847 0.81134375 0.5717916658653845 0.8085312499999999 0.5738125 0.80875 0.5772708341346153 0.812171875 0.5824375 0.8124843749999999 0.5815208341346154 0.8134687500000001 0.5801041658653846 0.814078125 0.5775625
0 0.8492187499999999 0.6800208341346153 0.841578125 0.6958333341346153 0.8186875 0.7501041658653846 0.8186875 0.7602916658653847 0.82546875 0.7670625 0.8551562500000001 0.7930625 0.870421875 0.830375 0.883140625 0.85525 0.889921875 0.8608958341346155 0.895859375 0.8450833341346153 0.877203125 0.7670625 0.8916093749999999 0.7964583341346153 0.906875 0.8145416658653846 0.906875 0.8337708341346153 0.906875 0.856375 0.908578125 0.8665625 0.9179062499999999 0.8575208341346153 0.911109375 0.8213333341346154 0.922984375 0.8021250000000001 0.9145000000000001 0.780625 0.90009375 0.70375 0.88228125 0.6687083341346154 0.8721093750000001 0.6709583341346155 0.867015625 0.6370416658653847 0.86871875 0.5963541658653846 0.848375 0.5624374999999999 0.8305625 0.5624374999999999 0.81953125 0.5793958341346154 0.8076718749999999 0.6087916658653846 0.814453125 0.6178333341346154 0.8424375000000001 0.6325208341346154 0.8492187499999999 0.6800208341346153