0 0.64790625 0.5419158870192308 0.6480468749999999 0.540724298076923 0.64790625 0.5224065408653846 0.64778125 0.5185280384615385 0.6473125 0.516635514423077 0.646578125 0.5147429903846154 0.6451718750000001 0.5138317764423077 0.64425 0.513434579326923 0.642921875 0.513434579326923 0.64225 0.5138317764423077 0.641515625 0.5156308413461539 0.641515625 0.5178271033653846 0.641453125 0.5193224302884615 0.6416562499999999 0.5233878509615384 0.643375 0.5258878509615385 0.644109375 0.5269859807692308 0.643375 0.5290654206730769 0.643046875 0.5320560745192308 0.643578125 0.5341355144230769 0.643578125 0.5378271033653846 0.64284375 0.5408177572115385 0.6439843749999999 0.5417990649038461 0.6473125 0.5425 0.64790625 0.5419158870192308
0 0.42403124999999997 0.5151401875 0.4203125 0.508644860576923 0.41845312500000004 0.5003271033653847 0.41257812499999996 0.5017056081730769 0.41165625 0.5077336442307693 0.39896875 0.5169859807692307 0.40235937499999996 0.5248598125 0.40885937499999997 0.5257710288461538 0.41598437499999996 0.5257710288461538 0.421546875 0.5257710288461538 0.427734375 0.5234579447115385 0.42403124999999997 0.5151401875
0 0.580828125 0.5397196249999999 0.581296875 0.529719625 0.58003125 0.5264018701923077 0.5765312499999999 0.5194859807692308 0.573984375 0.518294391826923 0.572875 0.5225934591346154 0.57334375 0.5299532716346154 0.574625 0.5328037379807692 0.57334375 0.5371028028846154 0.573984375 0.5371028028846154 0.575734375 0.5371028028846154 0.580828125 0.5397196249999999
0 0.62653125 0.5410280384615385 0.630609375 0.5410280384615385 0.6334531250000001 0.5403037379807692 0.6340625 0.5373364495192308 0.6349375 0.5306775697115385 0.6344375 0.5262383173076923 0.6324531250000001 0.5240186923076923 0.629859375 0.5234813076923077 0.6275156249999999 0.5255140192307692 0.62615625 0.5293925240384616 0.62528125 0.5282710288461538 0.62553125 0.5412149543269231 0.62653125 0.5410280384615385
0 0.6924374999999999 0.5360046730769231 0.6924374999999999 0.5347429903846154 0.692578125 0.5311682235576923 0.6934218750000001 0.5299065408653847 0.692296875 0.5271728966346154 0.690734375 0.5259112139423077 0.686234375 0.5280140192307692 0.685671875 0.5328504663461539 0.6851093749999999 0.5349532716346154 0.6832812500000001 0.5404205600961538 0.6829999999999999 0.5458878509615385 0.6824375 0.547780375 0.693140625 0.5484112139423076 0.691296875 0.5412616826923077 0.690734375 0.5387383173076923 0.6924374999999999 0.5360046730769231
0 0.697 0.5825233653846154 0.701453125 0.5829672908653847 0.7029375000000001 0.5811915889423077 0.704125 0.5763084110576924 0.7029375000000001 0.5621028028846153 0.701453125 0.552780375 0.69996875 0.5407943918269231 0.698484375 0.5301401875 0.6934375 0.5301401875 0.69165625 0.5367990649038462 0.69225 0.5434579447115385 0.6934375 0.5518925240384616 0.69284375 0.56521028125 0.69403125 0.5647663557692307 0.6934375 0.5749766346153846 0.697 0.5825233653846154
0 0.716453125 0.5558878509615385 0.7205 0.5568925240384616 0.7201562499999999 0.5518691586538462 0.71846875 0.5458177572115385 0.715109375 0.5352336442307692 0.70803125 0.5342289711538462 0.70634375 0.5473130841346154 0.708703125 0.5503504663461538 0.71275 0.5528738317307692 0.716453125 0.5558878509615385
0 0.6151718749999999 0.5385046730769231 0.6151718749999999 0.5376869158653846 0.612109375 0.5360514014423077 0.612 0.5355607475961539 0.612 0.53507009375 0.612109375 0.5314485985576923 0.6110156250000001 0.5275233653846154 0.6106874999999999 0.5268691586538462 0.6100156250000001 0.5265420552884615 0.6071718749999999 0.5267056081730769 0.60575 0.5291588774038462 0.604984375 0.5339018701923077 0.6053125 0.5375233653846154 0.6044375 0.5394859807692307 0.6151718749999999 0.5386682235576923 0.6151718749999999 0.5385046730769231
0 0.5960624999999999 0.5289485985576923 0.5974843750000001 0.5257710288461538 0.594171875 0.5218691586538461 0.592765625 0.5218691586538461 0.589921875 0.524719625 0.5918125 0.5282476634615384 0.58803125 0.5303738317307692 0.5873125 0.5356775697115385 0.5963125 0.5367289711538462 0.5963125 0.5328504663461539 0.5960624999999999 0.5289485985576923
0 0.66759375 0.5335280384615385 0.666875 0.5320794399038461 0.6656562500000001 0.5309813076923077 0.662015625 0.5331542067307692 0.66178125 0.5371495336538461 0.66153125 0.5403971971153847 0.6608125 0.542219625 0.659359375 0.5440186923076923 0.666390625 0.5432943918269231 0.6714687500000001 0.5443925240384615 0.6726875000000001 0.5443925240384615 0.670265625 0.5429439254807693 0.668078125 0.5385981298076923 0.666390625 0.5342523365384616 0.66759375 0.5335280384615385
0 0.532203125 0.5369626177884615 0.53178125 0.5400467283653846 0.5330312500000001 0.5428271033653846 0.540671875 0.5431308413461539 0.54046875 0.5279906538461538 0.5388124999999999 0.5267523365384615 0.536953125 0.5282943918269231 0.533859375 0.5335514014423077 0.532203125 0.5369626177884615