0 0.16954 0.8615466658653846 0.18112 0.8722133341346154 0.19404000000000002 0.87104 0.19404000000000002 0.8609333341346154 0.19048 0.85024 0.18825999999999998 0.8371999999999999 0.18736 0.8253066658653846 0.17846 0.8199733341346154 0.17312 0.8176 0.16821999999999998 0.8098666658653847 0.16821999999999998 0.8033333341346154 0.16285999999999998 0.7807733341346155 0.16376000000000002 0.7576266658653845 0.16064 0.7469333341346154 0.14906 0.7486933341346155 0.14416 0.7528533341346153 0.14416 0.76 0.14016 0.76712 0.13613999999999998 0.7784 0.13124 0.7902666658653845 0.12858 0.8116533341346154 0.13348 0.8265066658653846 0.13258 0.8377866658653846 0.14416 0.8371999999999999 0.16019999999999998 0.8407466658653846 0.16332 0.84432 0.16954 0.8615466658653846
0 0.87732 0.7232533341346153 0.87732 0.7266666658653846 0.877 0.7287733341346154 0.87542 0.7300533341346154 0.8715799999999999 0.7313333341346154 0.8703000000000001 0.7343200000000001 0.8703000000000001 0.73816 0.8703000000000001 0.7419733341346154 0.86902 0.74624 0.87126 0.7492266658653846 0.87414 0.7496533341346154 0.87732 0.7483733341346154 0.88276 0.74752 0.8869 0.74752 0.89042 0.7466666658653847 0.89138 0.7445333341346154 0.8910600000000001 0.7419733341346154 0.89074 0.7364533341346153 0.88882 0.73304 0.88628 0.7309066658653846 0.88244 0.7287733341346154 0.88244 0.72496 0.8818 0.7215466658653846 0.8818 0.716 0.8802000000000001 0.7134666658653847 0.87732 0.7194133341346153 0.87732 0.7211200000000001 0.87732 0.7232533341346153
0 0.93006 0.74256 0.93298 0.75096 0.93636 0.7483733341346154 0.93152 0.72896 0.93006 0.7257333341346153 0.9286 0.7173333341346153 0.9232600000000001 0.7212000000000001 0.9213199999999999 0.7432 0.93006 0.74256
0 0.9217000000000001 0.76848 0.9202199999999999 0.75088 0.91848 0.7217066658653846 0.91274 0.71872 0.9125000000000001 0.7061066658653845 0.9026000000000001 0.70864 0.8971199999999999 0.7223999999999999 0.89944 0.73784 0.90106 0.7406133341346154 0.91324 0.7562133341346153 0.9217000000000001 0.76848
0 0.53588 0.7308266658653846 0.53382 0.72768 0.53058 0.7257333341346153 0.52676 0.7269066658653845 0.52618 0.7331733341346154 0.52706 0.73944 0.52442 0.7417866658653847 0.5256 0.7472799999999999 0.52736 0.7535466658653847 0.52854 0.75904 0.53088 0.7657066658653846 0.5341199999999999 0.7653066658653846 0.53794 0.75904 0.5447 0.7500266658653847 0.54558 0.7484533341346153 0.5414599999999999 0.7441333341346154 0.53706 0.7414133341346154 0.53706 0.73632 0.53588 0.7308266658653846
0 0.6312 0.73736 0.6300600000000001 0.7424 0.62894 0.7479733341346153 0.6270399999999999 0.75 0.6262800000000001 0.7550399999999999 0.62514 0.7590666658653846 0.624 0.7626133341346153 0.62514 0.76312 0.6308199999999999 0.76312 0.6331 0.76312 0.6368799999999999 0.7621066658653847 0.6410600000000001 0.7616 0.64408 0.7600800000000001 0.64408 0.7570666658653846 0.63954 0.75 0.63878 0.7479733341346153 0.63916 0.7449333341346154 0.63954 0.7404 0.6365 0.7368533341346153 0.6331 0.7353333341346153 0.6334799999999999 0.7363466658653847 0.6327200000000001 0.7363466658653847 0.6312 0.73736
0 0.89332 0.7426666658653847 0.8909 0.74848 0.89478 0.74912 0.8991399999999999 0.73944 0.89866 0.7303733341346154 0.8928400000000001 0.7252 0.8928400000000001 0.71744 0.8875 0.7129066658653845 0.8850800000000001 0.7226133341346154 0.8841 0.7238933341346154 0.8841 0.7297333341346154 0.88556 0.7297333341346154 0.89042 0.73424 0.89332 0.7426666658653847
0 0.6005 0.7368 0.59182 0.7382133341346153 0.5887 0.7469866658653845 0.58558 0.7576266658653845 0.58592 0.7705866658653846 0.60466 0.7724266658653847 0.60362 0.76504 0.60258 0.7469866658653845 0.6005 0.7368
0 0.52312 0.7356800000000001 0.51692 0.7282133341346154 0.51318 0.7307199999999999 0.51132 0.7431466658653847 0.50822 0.7481066658653847 0.5044799999999999 0.7663200000000001 0.52686 0.7704533341346154 0.5312 0.7671466658653846 0.52624 0.7514133341346153 0.52312 0.7356800000000001
0 0.10611999999999999 0.7806933341346153 0.11231999999999999 0.7774666658653846 0.11066 0.7726400000000001 0.11248 0.7674133341346153 0.109 0.7615733341346154 0.1087 0.7526933341346154 0.11142 0.7458666658653846 0.11050000000000001 0.7392000000000001 0.10734 0.7377866658653847 0.09842000000000001 0.7454400000000001 0.09148 0.7474666658653846 0.09314 0.7541066658653846 0.09526 0.7569333341346154 0.09344 0.7674133341346153 0.1013 0.77424 0.10266 0.7805066658653845 0.10611999999999999 0.7806933341346153
0 0.84646 0.7344 0.84822 0.7262666658653847 0.8469 0.7140533341346154 0.83776 0.7146399999999999 0.8333999999999999 0.7274133341346154 0.82772 0.74776 0.8290400000000001 0.7599733341346154 0.85082 0.7640266658653846 0.85432 0.7634666658653846 0.8534400000000001 0.7437066658653847 0.84646 0.7344