0 0.49439062500000003 0.40401273798076925 0.49439062500000003 0.4067091298076923 0.49359375 0.4088747355769231 0.49339062499999997 0.4118259014423077 0.49339062499999997 0.41613588221153847 0.494 0.42072186778846155 0.497171875 0.41991507451923077 0.500140625 0.41963906490384617 0.503515625 0.4180254783653846 0.507078125 0.4169426754807692 0.5090625 0.41668789903846154 0.5124375 0.41532908653846157 0.5124375 0.4121019110576923 0.509859375 0.40562632692307693 0.5066875000000001 0.40239915144230765 0.5066875000000001 0.4002547764423077 0.504703125 0.3980891730769231 0.5055000000000001 0.39755838701923074 0.5056875000000001 0.3943099783653846 0.5055000000000001 0.3913588100961538 0.504109375 0.38757961778846156 0.50153125 0.3851592355769231 0.500734375 0.38380042548076926 0.49776562500000004 0.3851592355769231 0.4941875 0.38866242067307694 0.49339062499999997 0.39566879086538465 0.493203125 0.3991719735576923 0.49339062499999997 0.4007855625 0.49439062500000003 0.40401273798076925
0 0.5451718750000001 0.40239915144230765 0.5428437500000001 0.39944798317307695 0.541296875 0.3935456466346154 0.5394375 0.3853503173076923 0.53959375 0.38072186778846157 0.5368125 0.3710403389423077 0.5329375 0.36787685817307697 0.5279843750000001 0.36915074278846155 0.52565625 0.3767303605769231 0.524875 0.3857749471153846 0.52565625 0.39314225 0.526734375 0.39859872596153845 0.5282812499999999 0.4040764326923077 0.5290625 0.4103821658653847 0.544546875 0.40849256971153847 0.5451718750000001 0.4053290865384615 0.5451718750000001 0.40239915144230765
0 0.44043750000000004 0.4266029735576923 0.43801562499999996 0.41893842788461544 0.43478125 0.41675159134615386 0.433984375 0.4052441610576923 0.426734375 0.40031847115384617 0.41826562500000003 0.40140127403846154 0.41584375 0.41072186778846154 0.41584375 0.4161995745192308 0.41625 0.42386411778846156 0.413421875 0.43645435336538463 0.41181249999999997 0.44577494711538457 0.42834375 0.45617834375000005 0.44003125 0.44796178365384615 0.44284375000000004 0.43864118990384615 0.44043750000000004 0.4266029735576923
0 0.587890625 0.3387261153846154 0.5856250000000001 0.3466029735576923 0.58271875 0.35753715384615387 0.589125 0.36008492548076926 0.59409375 0.36063694230769233 0.5996718750000001 0.35783439423076924 0.60175 0.3569851370192308 0.5980156249999999 0.3446284495192308 0.595328125 0.3387261153846154 0.593265625 0.33732484134615387 0.587890625 0.3387261153846154
0 0.62546875 0.37908704807692306 0.617515625 0.37008492548076927 0.61671875 0.35745222836538465 0.613 0.3502547764423077 0.607703125 0.34989384375 0.604515625 0.355286625 0.604515625 0.36322717548076927 0.60425 0.37008492548076927 0.605578125 0.37908704807692306 0.601328125 0.39350318509615384 0.602125 0.39350318509615384 0.6225625 0.38774946875 0.62546875 0.37908704807692306
0 0.6496875 0.37802547836538464 0.6509375000000001 0.3678343942307692 0.6446875 0.3576220817307692 0.6434375 0.34658174038461537 0.64 0.3448832283653846 0.635609375 0.3470063701923077 0.6321718749999999 0.3533757956730769 0.633109375 0.3597452235576923 0.631546875 0.3635668798076923 0.6293593749999999 0.3665605096153846 0.627484375 0.3792993629807692 0.6293593749999999 0.3852441610576923 0.6415624999999999 0.3801486201923077 0.6496875 0.37802547836538464
0 0.666125 0.34887473557692306 0.664796875 0.34165605048076925 0.6639999999999999 0.33443736778846156 0.661359375 0.3319320600961539 0.657375 0.33301486298076927 0.653921875 0.33732484134615387 0.6520625 0.3467091298076923 0.6541875 0.3578768581730769 0.6515312499999999 0.36762208173076927 0.6523281249999999 0.3744585985576923 0.67196875 0.37121018990384613 0.673296875 0.3654564759615385 0.6709062499999999 0.35607218749999997 0.666125 0.34887473557692306
0 0.5503125 0.3640127379807692 0.54971875 0.3680891730769231 0.552734375 0.3733333341346154 0.554296875 0.3685987259615385 0.562828125 0.3577282379807692 0.5740937500000001 0.35757961778846153 0.575265625 0.3594479831730769 0.57834375 0.3574309975961538 0.577171875 0.35439490384615385 0.56909375 0.3473248413461538 0.5693125 0.34140127403846154 0.568140625 0.3388110408653846 0.5635625 0.3376433125 0.558390625 0.34552017067307694 0.559109375 0.3514225048076923 0.550078125 0.3474946923076923 0.545625 0.35354564663461535 0.549109375 0.3576220817307692 0.5423749999999999 0.3640127379807692 0.5471874999999999 0.36237791826923077 0.5503125 0.3640127379807692
0 0.41012499999999996 0.4160297235576923 0.407140625 0.41078556250000003 0.406625 0.40388535096153844 0.40750000000000003 0.3950955408653846 0.404875 0.38985137980769236 0.3994375 0.39010615625 0.4003125 0.4274309975961538 0.41064062500000004 0.4214861995192308 0.41012499999999996 0.4160297235576923
0 0.7326875 0.3371337572115385 0.731375 0.33089171875 0.73071875 0.3246496826923077 0.72809375 0.3169214447115385 0.7241562500000001 0.3160297235576923 0.72546875 0.33921443749999997 0.72634375 0.3418895961538461 0.733125 0.3424840769230769 0.7326875 0.3371337572115385
0 0.68896875 0.35318471394230766 0.6909687499999999 0.3509341826923077 0.690625 0.3369002115384615 0.685296875 0.3359872620192308 0.6802968749999999 0.3396178341346153 0.67896875 0.3495753725961538 0.67996875 0.3685987259615385 0.692625 0.3658811033653846 0.6929687499999999 0.3626963918269231 0.68896875 0.35318471394230766
0 0.47796875 0.42388535096153845 0.479640625 0.42 0.476296875 0.41641188942307694 0.472703125 0.41154989423076926 0.46984375 0.40766454326923074 0.46984375 0.40050955528846155 0.4679375 0.3966242043269231 0.46554687499999997 0.3920806802884615 0.461953125 0.3904458605769231 0.457421875 0.39174097596153845 0.45575000000000004 0.3920806802884615 0.454078125 0.39271762259615384 0.45287499999999997 0.39628450000000004 0.45287499999999997 0.3998726105769231 0.453359375 0.4063481947115385 0.44881249999999995 0.41350318509615386 0.448578125 0.41772823798076925 0.449296875 0.42842887500000004 0.469359375 0.42713375721153846 0.47414062500000004 0.42649681490384617 0.47796875 0.42388535096153845
0 0.6947115384615384 0.1814903846153846 0.027644230769230768 0.036057692307692304