0 0.00209375 0.7788207548076923 0.008421874999999999 0.7729481129807693 0.009390625 0.76266509375 0.006953125 0.7332783028846154 0.012796875000000001 0.7362264158653846 0.013281250000000001 0.7442924519230769 0.01571875 0.7663207548076924 0.0210625 0.7788207548076923 0.025437500000000002 0.7788207548076923 0.026421875 0.7744103774038462 0.0259375 0.7692688677884616 0.023984375 0.7494339615384615 0.02253125 0.7127122644230769 0.02009375 0.6995047163461539 0.0259375 0.6980188677884616 0.0259375 0.6826179254807693 0.025437500000000002 0.6708490576923077 0.0166875 0.6444103774038462 0.013281250000000001 0.6333962259615386 0.008906250000000001 0.6223820745192307 0.00403125 0.6223820745192307 0.00209375 0.6238443389423077 0.001609375 0.6312028293269231 0 0.7678066033653846 0.00209375 0.7788207548076923
0 0.14728125 0.6714386802884615 0.14728125 0.6594103774038461 0.14820312500000002 0.6524764158653846 0.14820312500000002 0.642287735576923 0.14728125 0.6316509423076924 0.14575 0.6224056610576922 0.14759375 0.6196226418269231 0.148828125 0.6159198125 0.14851562499999998 0.6085141514423077 0.145140625 0.6066745288461538 0.143921875 0.6066745288461538 0.14115624999999998 0.6108254711538461 0.1399375 0.615 0.13287500000000002 0.6237971706730769 0.13257812500000002 0.6483018870192307 0.13503125 0.6719103774038462 0.14728125 0.6714386802884615
0 0.80928125 0.6259433966346154 0.802953125 0.6123113197115384 0.796625 0.6164150937499999 0.796625 0.63141509375 0.7939062499999999 0.6395990576923077 0.79209375 0.6518867932692308 0.7929999999999999 0.6695990576923077 0.8056562500000001 0.6846226418269231 0.80746875 0.6778066033653847 0.8128906250000001 0.6668867932692308 0.80928125 0.6259433966346154
0 0.53178125 0.6019103774038462 0.53278125 0.5928537740384615 0.529109375 0.5908490576923077 0.528109375 0.5953537740384616 0.5254531250000001 0.6029009423076923 0.53178125 0.6094339615384615 0.53178125 0.6069339615384616 0.53178125 0.6019103774038462
0 0.75859375 0.6196698125 0.75859375 0.62375 0.7594531250000001 0.6270754711538462 0.756515625 0.6302358485576923 0.7539374999999999 0.6346933966346153 0.7549218750000001 0.6483962259615385 0.75553125 0.6474764158653846 0.761046875 0.6472877355769231 0.764 0.6487735841346154 0.768796875 0.6580424519230769 0.7705156249999999 0.6465330192307692 0.771859375 0.6339386802884615 0.7685468750000001 0.6291273581730769 0.76584375 0.6259669807692307 0.766828125 0.6244811322115384 0.76596875 0.6168867932692308 0.7609375 0.6148584903846154 0.7603125000000001 0.6155896225961539 0.7601875 0.6155896225961539 0.75859375 0.6196698125
0 0.7212656249999999 0.6263679254807692 0.7215156250000001 0.6278537740384615 0.7211406250000001 0.6295283028846155 0.719421875 0.6311792451923076 0.7178281249999999 0.6323113197115385 0.7173437500000001 0.6343396225961538 0.71721875 0.6367452836538461 0.7163593749999999 0.6425 0.7162343750000001 0.6445283028846155 0.7164843750000001 0.6530660384615385 0.718078125 0.6582547163461538 0.7188125000000001 0.6628773581730769 0.7196718750000001 0.6656603774038461 0.722 0.6699292451923077 0.73059375 0.6688207548076923 0.730359375 0.6626886802884615 0.729734375 0.6587971706730769 0.730359375 0.6530660384615385 0.7288749999999999 0.6475000000000001 0.7304843750000001 0.6452830192307691 0.7318281249999999 0.6373113197115384 0.7314531249999999 0.6282311322115385 0.72740625 0.6245283028846154 0.72740625 0.6211792451923077 0.728640625 0.6174764158653846 0.72765625 0.6148820745192307 0.725328125 0.61266509375 0.72275 0.6124764158653846 0.7215156250000001 0.6145047163461539 0.72028125 0.6174764158653846 0.719421875 0.62358490625 0.7193124999999999 0.62358490625 0.719796875 0.6259905649038462 0.7212656249999999 0.6263679254807692
0 0.6936718749999999 0.6470047163461538 0.694359375 0.6516509423076923 0.6977656250000001 0.6552358485576922 0.706125 0.6580660384615384 0.7105625 0.6549764158653846 0.7083437499999999 0.642122641826923 0.70765625 0.6387735841346154 0.7030624999999999 0.6344103774038461 0.702375 0.627452829326923 0.6977656250000001 0.6271933966346155 0.6948749999999999 0.6308018870192308 0.692828125 0.6372405649038462 0.6930000000000001 0.6390330192307693 0.6936718749999999 0.6470047163461538
0 0.023171875 0.6226179254807692 0.016640625 0.637877358173077 0.015625 0.6458018870192308 0.014984375000000001 0.6560377355769231 0.016 0.6641509423076923 0.017796875 0.6716745288461539 0.020484375 0.6720518870192307 0.021890625 0.6699292451923077 0.020609375 0.6587264158653846 0.0239375 0.6533254711538461 0.024453125 0.6596933966346155 0.024187499999999997 0.6660849062499999 0.02509375 0.6944575480769231 0.026875 0.7008490576923077 0.027390625000000002 0.7039386802884615 0.02803125 0.7106839615384615 0.031875 0.7110849062500001 0.03175 0.6844339615384616 0.032 0.6568160384615385 0.03315625 0.6270518870192308 0.03315625 0.6089150937500001 0.032125 0.6011792451923077 0.029828125 0.6052358485576923 0.029437500000000002 0.6089150937500001 0.029062499999999998 0.6164386802884615 0.029062499999999998 0.6146933966346154 0.0265 0.6177830192307692 0.023171875 0.6226179254807692
0 0.10415625 0.6623113197115384 0.09857812499999999 0.6612735841346153 0.09614062500000001 0.663372641826923 0.0923125 0.689622641826923 0.09092187500000001 0.7011792451923077 0.10971875 0.6927830192307692 0.10415625 0.6623113197115384
0 0.21882812499999998 0.6945283028846153 0.22025 0.6574764158653846 0.2225 0.6621698125000001 0.22446875000000002 0.6570518870192308 0.2225 0.6485377355769231 0.219109375 0.6161792451923076 0.22081250000000002 0.6136320745192307 0.219109375 0.6046933966346154 0.214328125 0.602547170673077 0.2109375 0.60766509375 0.21234375 0.6123584903846153 0.20670312500000002 0.6221462259615385 0.20698437500000003 0.6323584903846153 0.20670312500000002 0.6604716971153847 0.21460937500000002 0.664292451923077 0.215734375 0.6672641514423077 0.216296875 0.694952829326923 0.21882812499999998 0.6945283028846153
0 0.753671875 0.6865566033653846 0.7560468749999999 0.6869103774038462 0.7584218749999999 0.6872641514423077 0.7608125 0.6879952836538461 0.762234375 0.6894339615384616 0.764375 0.6915801875 0.7650781249999999 0.6912264158653846 0.765328125 0.690872641826923 0.7655624999999999 0.6894339615384616 0.7655624999999999 0.6876415096153846 0.765328125 0.6833254711538461 0.76484375 0.6800943389423076 0.76484375 0.6779481129807692 0.76484375 0.6732783028846154 0.7650781249999999 0.6707547163461538 0.7655624999999999 0.6679009423076923 0.7655624999999999 0.664292451923077 0.7608125 0.660707548076923 0.7605625 0.6571226418269231 0.7603281249999999 0.6542452836538462 0.76009375 0.6524528293269231 0.759140625 0.6506603774038461 0.7569999999999999 0.6503066033653847 0.75534375 0.6506603774038461 0.754625 0.6517452836538461 0.754140625 0.6542452836538462 0.75390625 0.6571226418269231 0.753203125 0.6585613197115384 0.750578125 0.6610613197115385 0.750109375 0.6628773581730769 0.749625 0.6671698125 0.7493906250000001 0.670047170673077 0.7493906250000001 0.6750707548076923 0.749625 0.6804481129807692 0.749875 0.6858254711538462 0.75153125 0.6858254711538462 0.753671875 0.6865566033653846
0 0.1729375 0.632452829326923 0.17164062500000002 0.6533018870192309 0.172671875 0.6769339615384615 0.176328125 0.6863915096153845 0.174765625 0.6918867932692307 0.17607812500000003 0.6946462259615385 0.17971875 0.6938679254807693 0.18025 0.6903301875000001 0.1805 0.6879481129807693 0.1820625 0.6840094350961539 0.183375 0.6899292451923077 0.1865 0.6950471706730769 0.19067187500000002 0.6950471706730769 0.1909375 0.6938679254807693 0.18859375 0.6820518870192308 0.1849375 0.6513443389423077 0.18364062499999997 0.6407075480769231 0.185453125 0.635212264423077 0.1820625 0.6285141514423077 0.17971875 0.6174764158653846 0.178421875 0.613537735576923 0.177890625 0.6139386802884615 0.1758125 0.6174764158653846 0.17554687500000002 0.6225943389423076 0.17554687500000002 0.62891509375 0.1729375 0.632452829326923
0 0.6264375 0.6144339615384615 0.623125 0.6126179254807692 0.6219375 0.6062735841346154 0.619828125 0.60266509375 0.6174375 0.6022169807692308 0.6159375 0.6049292451923077 0.61503125 0.6103537740384616 0.61503125 0.613537735576923 0.6135312500000001 0.6148820745192307 0.6135312500000001 0.6225943389423076 0.6135312500000001 0.6275707548076923 0.6171249999999999 0.6320990576923078 0.6207343750000001 0.6334433966346154 0.6234375000000001 0.6329952836538462 0.626734375 0.6302830192307692 0.628234375 0.6334433966346154 0.6264375 0.6212264158653846 0.6264375 0.6144339615384615
0 0.38341346153846156 0.6298076923076923 0.6177884615384616 0.037259615384615384