0 0.7536299759615385 1 0.7402341923076924 0.9886406249999999 0.7278454326923077 0.98896875 0.7362763461538461 0.986328125 0.7362763461538461 0.9810312499999999 0.7323185 0.97871875 0.7199297427884616 0.979046875 0.7164402812499999 0.9843437500000001 0.7164402812499999 0.987984375 0.7104918028846154 0.98896875 0.7020843100961538 0.99228125 0.6976112403846154 0.9969062500000001 0.6985948485576923 0.9985625 0.7015690865384615 1 0.7065339567307691 0.9982343749999999 0.7119906322115385 0.9985625 0.7124824350961538 1 0.7526229519230768 1 0.7536299759615385 1
0 0.8074941442307693 0.99421875 0.81028103125 0.9993906250000001 0.8156674471153846 0.999109375 0.8247306802884615 0.9996875000000001 0.8326932091346154 0.9993906250000001 0.8361358317307693 0.994796875 0.8430444975961537 0.9949375 0.8492740048076922 0.996953125 0.8538173293269231 1 0.8574707259615385 0.9999687500000001 0.8563934423076923 0.99825 0.8464871201923077 0.989328125 0.8436768149038462 0.98559375 0.8404449639423077 0.9828593750000001 0.8344262283653846 0.9808593750000001 0.8322716634615385 0.976390625 0.8329039807692307 0.971359375 0.8283840745192308 0.96546875 0.8206323173076923 0.96590625 0.8174004687499999 0.967625 0.8174004687499999 0.972375 0.8180327860576924 0.9765468749999999 0.8180327860576924 0.979265625 0.8161124110576924 0.980703125 0.8100702572115386 0.9828593750000001 0.8100702572115386 0.9824375000000001 0.807259954326923 0.9863124999999999 0.8074941442307693 0.99421875
0 0.768899298076923 1 0.7679156899038462 0.9875156250000001 0.7659718966346154 0.987015625 0.7684074951923077 0.9858906249999999 0.7681498822115385 0.9805312500000001 0.7686416850961538 0.976296875 0.763302108173077 0.974515625 0.757939110576923 0.973703125 0.7506323173076923 0.97403125 0.7479625288461539 0.9774375 0.7506323173076923 0.98459375 0.741381733173077 0.989140625 0.7542857139423076 1 0.768899298076923 1
0 0.5998360649038461 0.99496875 0.6081030456730769 0.9967031249999999 0.62 0.994625 0.6251756442307692 0.9911718749999999 0.6194847764423077 0.9866874999999999 0.6153629975961539 0.981171875 0.6075878221153845 0.9794531249999999 0.6055269326923077 0.9715156250000001 0.6008665096153846 0.9697812499999999 0.5951756442307692 0.971859375 0.5936299759615384 0.9773750000000001 0.5800936778846154 0.9847812499999999 0.5868384086538462 0.9924999999999999 0.5910538629807692 0.9939375 0.5946604206730769 0.99290625 0.5998360649038461 0.99496875
0 0.6762295072115384 1 0.6850819663461538 0.996828125 0.6850819663461538 0.993359375 0.6840515216346154 0.987453125 0.6824824350961538 0.97078125 0.6793676826923077 0.9683437500000001 0.6689461370192308 0.9704375 0.6678922716346154 0.9791093750000001 0.6559250576923077 0.98259375 0.65384075 0.990578125 0.6548946129807691 0.987453125 0.6611241225961538 0.995796875 0.6626932091346155 0.998578125 0.6762295072115384 1
0 0.534660420673077 0.966375 0.5314285721153846 0.966640625 0.5298126466346154 0.9679843750000001 0.5298126466346154 0.9723125 0.5298126466346154 0.97609375 0.5302107716346154 0.9777031249999999 0.5285948485576923 0.977984375 0.5233255264423077 0.986078125 0.5253629975961538 0.989328125 0.5265573774038461 0.989328125 0.53384075 0.989328125 0.5492271658653846 0.9909375 0.5504449639423077 0.987703125 0.5488290408653846 0.98121875 0.5468149879807692 0.98121875 0.5447775168269231 0.980140625 0.5447775168269231 0.9742031250000001 0.5443793918269231 0.9693437500000001 0.542341920673077 0.967453125 0.5387119447115385 0.966640625 0.534660420673077 0.966375
0 0.549742389423077 0.9860156250000001 0.5506088990384616 0.988046875 0.5495316153846154 0.9896250000000001 0.5486651057692308 0.9907812500000001 0.5462763461538461 0.994140625 0.5503747067307693 0.9945781250000001 0.565761125 0.99675 0.578079625 0.995875 0.5783138173076924 0.9890937500000001 0.580257610576923 0.983890625 0.5787353629807692 0.980421875 0.5765807956730769 0.9797031250000001 0.5718032788461538 0.978984375 0.5689929735576923 0.976671875 0.5689929735576923 0.9749375 0.5681264639423077 0.9711875 0.5633723653846153 0.97046875 0.5592505865384616 0.9722031250000001 0.5568852451923078 0.9749375 0.5568852451923078 0.976234375 0.556018735576923 0.97840625 0.5518969543269231 0.979421875 0.5488758774038461 0.9814375000000001 0.5488758774038461 0.9818281249999999 0.5490866514423077 0.984140625 0.549742389423077 0.9860156250000001
0 0.5720608894230769 0.9788281249999999 0.5779156899038461 0.980125 0.5803044495192308 0.9830156250000001 0.5787822019230769 0.98590625 0.5772599543269231 0.9906718750000001 0.5787822019230769 0.9952812499999999 0.5803044495192308 0.995421875 0.5820374711538462 0.987484375 0.5841920384615384 0.9828593750000001 0.579859485576923 0.9757968750000001 0.5818032788461539 0.97103125 0.5777049182692308 0.9681406250000001 0.5712177980769231 0.969 0.5690398125 0.971609375 0.5683840745192308 0.97290625 0.5688290408653847 0.9763750000000001 0.5720608894230769 0.9788281249999999
0 0.6257377043269231 0.9914375 0.6217096009615385 0.99440625 0.6273536298076923 0.994671875 0.6305854807692307 0.9922500000000001 0.633817329326923 0.990359375 0.6342154567307693 0.9844375000000001 0.6342154567307693 0.981203125 0.6334192043269231 0.9779687499999999 0.6350351298076924 0.9731093749999999 0.63220140625 0.9701562499999999 0.6265573774038462 0.96853125 0.6217096009615385 0.969609375 0.6217096009615385 0.973921875 0.6217096009615385 0.977421875 0.6184777524038462 0.980390625 0.618079625 0.9833593749999999 0.618079625 0.983625 0.6217096009615385 0.988203125 0.6257377043269231 0.9914375
0 0.8026932091346153 1 0.8041920384615384 0.988546875 0.7928571418269231 0.98553125 0.79740046875 0.9830156250000001 0.7966510528846154 0.9739375 0.7807728341346153 0.96990625 0.7762529278846154 0.974953125 0.7800234182692307 0.9830156250000001 0.7694613581730769 0.984515625 0.7679391105769231 0.98603125 0.7702107716346155 1 0.8026932091346153 1
0 0.6400936778846155 0.9898281250000001 0.6423419206730769 0.99434375 0.6468618269230769 0.99734375 0.6573770480769231 0.99734375 0.6596487115384615 0.9928281250000001 0.658899298076923 0.992328125 0.6558782211538462 0.9848125000000001 0.6573770480769231 0.982796875 0.6581264639423078 0.981296875 0.6618969543269231 0.97778125 0.6641451995192308 0.973765625 0.6626463701923077 0.9732656249999999 0.6581264639423078 0.9672499999999999 0.6551288052884616 0.9672499999999999 0.6506088990384615 0.96775 0.6468618269230769 0.9722656249999999 0.6430913341346154 0.9722656249999999 0.6393442620192308 0.972765625 0.6400936778846155 0.9898281250000001
0 0.6880562067307692 0.999859375 0.6930913341346153 1 0.6962295072115385 0.99921875 0.69875878125 0.9969062500000001 0.7006323173076924 0.994609375 0.7028337235576922 0.992296875 0.7072365336538462 0.989984375 0.7154332548076923 0.988515625 0.71259953125 0.9836875 0.7069320841346154 0.98346875 0.701896954326923 0.9799062500000001 0.7012646370192308 0.974234375 0.6915222475961538 0.97465625 0.6845901634615384 0.9765468749999999 0.6852224831730769 0.988515625 0.68615925 0.9969062500000001 0.6858548004807693 0.9975468749999999 0.68615925 0.9990156250000001 0.6880562067307692 0.999859375
0 0.5050585480769231 0.9818125000000001 0.49824356009615384 0.9759218749999999 0.5064168629807692 0.9731875 0.49824356009615384 0.970921875 0.4914519903846154 0.96546875 0.48259953125 0.9672968750000001 0.481920375 0.976828125 0.4744262283653846 0.97728125 0.4662763461538461 0.985 0.4628571418269231 0.989078125 0.5145901634615385 0.992265625 0.5050585480769231 0.9818125000000001