0 0.866515625 0.58427734375 0.744265625 0.51685546875 0.657984375 0.456171875 0.665171875 0.33707031249999997 0.6831406250000001 0.3191015625 0.699328125 0.26742187500000003 0.6831406250000001 0.23595703125 0.668765625 0.17302734375 0.65978125 0.07640625 0.6364062500000001 0.05841796875 0.6130312499999999 0.020234375000000002 0.587859375 0.03146484375 0.557296875 0.0134765625 0.48359375000000004 0.00673828125 0.381125 0.06742187499999999 0.3271875 0.256171875 0.32539062500000004 0.32359375 0.372140625 0.41123046875 0.3883125 0.40673828125 0.3883125 0.42248046875 0.307421875 0.44494140625 0.230109375 0.53931640625 0.12225 0.65841796875 0.0053906250000000005 0.961796875 0.0053906250000000005 0.9842773437500001 0.99775 0.98876953125 0.995953125 0.79326171875 0.866515625 0.58427734375
0 1 0.50455078125 0.988 0.5260546875000001 0.976515625 0.578671875 0.9927968749999999 0.6348632812499999 0.972703125 0.6551953125 0.933484375 0.6791015625000001 0.933484375 0.6958398437500001 1 0.81779296875 1 0.75203125 1 0.50455078125
0 0.770640625 0.44669921875 0.7788906250000001 0.43896484375 0.7897031250000001 0.43574218750000004 0.79228125 0.4248046875 0.7886718749999999 0.41000000000000003 0.785078125 0.40548828124999997 0.78353125 0.39775390624999996 0.78146875 0.3932421875 0.7757968749999999 0.39132812499999997 0.77115625 0.39904296875 0.7701250000000001 0.41128906249999997 0.761890625 0.418359375 0.760859375 0.43703125000000004 0.76240625 0.4486328125 0.769609375 0.45376953124999997 0.770640625 0.44669921875
0 0.021890625 0.7006640625 0.012593749999999999 0.696796875 0.004859375 0.68904296875 0.0064062500000000005 0.6761328125 0.01053125 0.6548437500000001 0.002796875 0.6387109375000001 0.00071875 0.6309570312499999 0 0.69484375 0.00020312500000000002 0.78390625 0.00071875 0.9175 0.0012343749999999998 0.9639648437499999 0.00846875 0.94458984375 0.023953125 0.9026562499999999 0.045640625 0.84521484375 0.075578125 0.76583984375 0.073515625 0.7645507812500001 0.061125 0.7290625000000001 0.050796875 0.71873046875 0.0311875 0.71033203125 0.021890625 0.7006640625
0 0.047265625000000006 0.489140625 0.050640625 0.47818359374999997 0.056484374999999996 0.46330078125 0.0513125 0.45291015625000003 0.0535625 0.4478515625 0.05040625 0.43716796874999997 0.045468749999999995 0.4408203125 0.039171875 0.4520703125 0.035125 0.4540234375 0.02884375 0.46892578125 0.027484375000000002 0.4759375 0.03490625 0.484921875 0.03715625 0.49167968749999996 0.03715625 0.49447265625000003 0.044796875 0.49531250000000004 0.047265625000000006 0.489140625
0 0.10015625 0.6268945312499999 0.10059375000000001 0.62416015625 0.09446875 0.6143359375 0.08921875 0.6148828125 0.08309375 0.6219726562500001 0.08309375 0.62853515625 0.077421875 0.6361914062499999 0.078296875 0.656953125 0.111953125 0.6596875 0.108015625 0.63072265625 0.10015625 0.6268945312499999
0 0.069234375 0.35171874999999997 0.06515625 0.34791015625 0.060734375 0.34025390625 0.058015625 0.33388671875 0.058703125 0.328359375 0.05665625 0.32029296874999996 0.04884375 0.317734375 0.04375 0.32029296874999996 0.042046875 0.3258203125 0.042734375 0.3326171875 0.041375 0.33431640625000003 0.037296875 0.34408203125000003 0.039328125 0.35341796875 0.042390625 0.36830078125 0.047828125 0.37253906249999996 0.06515625 0.37169921875 0.066171875 0.3666015625 0.06753125 0.358515625 0.069234375 0.35171874999999997
0 0.23495312499999998 0.48941406249999997 0.23495312499999998 0.4948828125 0.23568750000000002 0.50580078125 0.237140625 0.5112695312500001 0.2524375 0.5121679687499999 0.25534375 0.50853515625 0.25534375 0.5048828125 0.25315625 0.4976171875 0.25096875 0.49125 0.24951562500000002 0.488515625 0.25025 0.48669921875 0.2524375 0.483046875 0.25025 0.473046875 0.24732812499999998 0.46849609375 0.24515625 0.4666796875 0.24223437499999997 0.46576171875 0.23859375 0.46849609375 0.237875 0.46939453124999997 0.236421875 0.47121093750000004 0.236421875 0.47759765625 0.23859375 0.48396484375 0.239328125 0.48578125 0.236421875 0.48578125 0.23495312499999998 0.48941406249999997
0 0.07209375 0.6601953125000001 0.07129687500000001 0.6656249999999999 0.06853125 0.6804296875 0.06775 0.6868359374999999 0.06971875 0.69078125 0.06853125 0.6947265625000001 0.068140625 0.703125 0.07090625 0.70509765625 0.07129687500000001 0.71150390625 0.073671875 0.7258203125 0.07721874999999999 0.73173828125 0.074859375 0.73765625 0.078015625 0.757890625 0.078015625 0.7568945312500001 0.1166875 0.6695703125 0.11076562499999999 0.6601953125000001 0.09418750000000001 0.65427734375 0.07721874999999999 0.6597070312500001 0.07209375 0.6601953125000001
0 0.940125 0.4730859375 0.953 0.47902343750000004 0.95978125 0.4739453125 0.963171875 0.46207031249999997 0.9584218750000001 0.43666015625 0.952328125 0.43158203125 0.952328125 0.42904296875000003 0.9475781249999999 0.41462890625 0.938765625 0.41802734375 0.9380937500000001 0.43158203125 0.9292812500000001 0.4349609375 0.9292812500000001 0.4468359375 0.934703125 0.46123046874999996 0.934703125 0.46207031249999997 0.9360625 0.47054687500000003 0.940125 0.4730859375
0 0.019859375 0.6709960937499999 0.04790625 0.66279296875 0.054468749999999996 0.66056640625 0.0550625 0.65236328125 0.054468749999999996 0.6404296875 0.050296875000000005 0.63669921875 0.04731249999999999 0.62923828125 0.044921875 0.62326171875 0.04371875 0.6195312500000001 0.038953125 0.61431640625 0.030000000000000002 0.6150585937499999 0.027015625 0.6344531250000001 0.020453125 0.6463867187500001 0.019859375 0.6709960937499999
0 0.1570625 0.5297460937499999 0.15206250000000002 0.53287109375 0.148734375 0.54326171875 0.15040625000000002 0.5484765625 0.14125 0.56095703125 0.14125 0.5703125 0.17453125 0.5703125 0.17453125 0.56927734375 0.17703125 0.55470703125 0.16621875000000003 0.54326171875 0.162890625 0.5297460937499999 0.1570625 0.5297460937499999
0 0.7329687500000001 0.30349609375 0.727859375 0.30201171875 0.723515625 0.3049609375 0.719578125 0.31185546875000003 0.719984375 0.32513671875 0.7168281249999999 0.32957031249999996 0.7109218749999999 0.33794921875 0.7109218749999999 0.35369140625 0.716046875 0.35910156249999997 0.7321875 0.36007812499999997 0.74871875 0.36796874999999996 0.750296875 0.36353515625 0.7408437499999999 0.3261328125 0.7380937500000001 0.3177734375 0.7380937500000001 0.313828125 0.7329687500000001 0.30349609375
0 0.4987980769230769 0.3605769230769231 0.9975961538461539 0.6586538461538461