0 0.17140625 0.345375 0.170015625 0.35964583413461537 0.17520312500000002 0.36012500000000003 0.17589062500000002 0.34860416586538456 0.174859375 0.33754166586538464 0.17554687500000002 0.338 0.174515625 0.33525 0.170703125 0.3333958341346154 0.169671875 0.3426041658653846 0.17140625 0.345375
0 0.39496875 0.36152083413461533 0.39528125000000003 0.3691875 0.39664062499999997 0.37118749999999995 0.39875 0.3687708341346154 0.39875 0.36695833413461537 0.397546875 0.3575 0.399046875 0.34883333413461537 0.401015625 0.35568750000000005 0.401015625 0.3651458341346154 0.4034375 0.3661666658653846 0.403578125 0.3617291658653846 0.40282812500000004 0.35427083413461535 0.402671875 0.34400000000000003 0.403578125 0.3405833341346154 0.403734375 0.33977083413461534 0.40525 0.3417916658653847 0.40599999999999997 0.3401875 0.404796875 0.33575 0.40328125 0.3341458341346154 0.4005625 0.3313125 0.400265625 0.3299166658653846 0.4005625 0.3236666658653846 0.397546875 0.32306250000000003 0.395421875 0.3246666658653846 0.395421875 0.3276875 0.39451562500000004 0.33191666586538465 0.393015625 0.33272916586538465 0.39179687500000004 0.33675 0.393609375 0.33977083413461534 0.39512500000000006 0.34602083413461543 0.39421875 0.34683333413461537 0.394671875 0.3530625 0.39496875 0.36152083413461533
0 0.3563125 0.34104166586538465 0.3563125 0.3369375 0.35310937499999995 0.3364583341346154 0.35076562499999997 0.3384166658653846 0.34843749999999996 0.3428541658653846 0.34684375 0.3448125 0.34684375 0.3471041658653846 0.349171875 0.34777083413461535 0.35225 0.34416666586538464 0.354828125 0.34333333413461536 0.3563125 0.34104166586538465
0 0.275171875 0.3587708341346154 0.27571875 0.3597083341346154 0.2760625 0.3599583341346154 0.277140625 0.3599583341346154 0.277671875 0.3597083341346154 0.278921875 0.3582916658653846 0.27945312499999997 0.3578125 0.279640625 0.3575833341346154 0.279640625 0.3530625 0.280890625 0.3525833341346154 0.28214062500000003 0.3521041658653846 0.282671875 0.3521041658653846 0.2835625 0.3525833341346154 0.284984375 0.3525833341346154 0.288203125 0.3502083341346154 0.288375 0.3497291658653846 0.28659375 0.3482916658653846 0.28534375 0.3459166658653846 0.284453125 0.3437708341346154 0.28284375 0.34164583413461536 0.282671875 0.3378333341346154 0.281234375 0.3354583341346154 0.27945312499999997 0.33568749999999997 0.277671875 0.33568749999999997 0.27731249999999996 0.336875 0.277671875 0.3383125 0.278921875 0.3413958341346154 0.279640625 0.34164583413461536 0.280890625 0.3425833341346154 0.281234375 0.3435416658653846 0.281234375 0.34450000000000003 0.280703125 0.34616666586538464 0.28034375 0.34735416586538465 0.279640625 0.34781249999999997 0.278390625 0.34877083413461535 0.27678125000000003 0.34995833413461536 0.27535937499999996 0.351625 0.27571875 0.3525833341346154 0.2748125 0.35518750000000004 0.275 0.3575833341346154 0.275171875 0.3587708341346154
0 0.27025 0.3597708341346154 0.27296875000000004 0.35695833413461536 0.27171875 0.3536041658653846 0.271296875 0.34547916586538463 0.2679375 0.34518750000000004 0.266453125 0.34099999999999997 0.268984375 0.33875 0.26834375 0.3359375 0.264359375 0.3351041658653846 0.259515625 0.33875 0.262046875 0.3423958341346154 0.26015625 0.3443541658653846 0.26015625 0.3496875 0.26015625 0.35864583413461537 0.25910937500000003 0.3603333341346154 0.2639375 0.3600416658653846 0.27025 0.3597708341346154
0 0.25678125 0.3378125 0.256890625 0.3359375 0.256890625 0.3355 0.25440625 0.3350833341346154 0.252140625 0.3355 0.250515625 0.33825 0.24921875 0.34012499999999996 0.24706250000000002 0.3432916658653846 0.246625 0.3457291658653846 0.258078125 0.3453125 0.2574375 0.34299999999999997 0.255265625 0.3402708341346154 0.25678125 0.3378125
0 0.212796875 0.3503541658653846 0.21996875000000002 0.3520416658653846 0.22143749999999998 0.3447291658653846 0.21996875000000002 0.3422083341346154 0.21721875 0.34052083413461537 0.21721875 0.3354583341346154 0.21617187499999999 0.33518749999999997 0.213640625 0.33518749999999997 0.2134375 0.34052083413461537 0.2134375 0.3410833341346154 0.21385937500000002 0.346125 0.212796875 0.3503541658653846
0 0.208640625 0.342875 0.20679687500000002 0.33954166586538465 0.207984375 0.3357916658653846 0.206421875 0.33243750000000005 0.20332812500000003 0.33272916586538465 0.202359375 0.33470833413461537 0.20317187499999997 0.3381458341346154 0.20443750000000002 0.34091666586538466 0.20309375 0.34160416586538467 0.202953125 0.3445625 0.202578125 0.34979166586538457 0.2020625 0.3516666658653846 0.20893750000000003 0.35175 0.208640625 0.342875
0 0.2985 0.34835416586538465 0.298390625 0.3441458341346154 0.29609375 0.3422291658653846 0.29590625 0.34095833413461535 0.295328125 0.33889583413461544 0.29475 0.337625 0.29428125 0.3355833341346154 0.29121875 0.3340416658653846 0.28890625000000003 0.3369791658653846 0.28853125 0.34183333413461536 0.28853125 0.3460625 0.28853125 0.3481041658653846 0.287375 0.3530833341346154 0.287 0.3590833341346154 0.29859375 0.360875 0.2985 0.3538541658653846 0.2985 0.34835416586538465
0 0.25634375 0.3457083341346153 0.2564375 0.3467291658653846 0.25990625 0.346625 0.26032812499999997 0.3446875 0.26153125 0.3424375 0.26 0.33868750000000003 0.262453125 0.336875 0.262203125 0.3352916658653846 0.260078125 0.33552083413461536 0.258640625 0.33924999999999994 0.2571875 0.34152083413461537 0.257625 0.342875 0.258125 0.345375 0.25634375 0.3457083341346153
0 0.367328125 0.34750000000000003 0.367328125 0.3660833341346154 0.367765625 0.37131250000000005 0.369078125 0.37131250000000005 0.369953125 0.3550416658653846 0.372125 0.35445833413461536 0.375609375 0.37247916586538465 0.37692187499999996 0.3736458341346154 0.37692187499999996 0.3509791658653846 0.3743125 0.3434166658653846 0.373875 0.33993749999999995 0.376046875 0.3370208341346154 0.37256249999999996 0.3317916658653846 0.372125 0.33064583413461535 0.369515625 0.3335416658653846 0.369515625 0.33470833413461537 0.367765625 0.33935416586538464 0.367328125 0.34750000000000003
0 0.11896875 0.3336458341346154 0.115609375 0.33887500000000004 0.1128125 0.3455833341346154 0.121765625 0.34783333413461537 0.122328125 0.3426041658653846 0.11896875 0.3336458341346154
0 0.2021875 0.3425833341346154 0.20112500000000003 0.3420625 0.201203125 0.33956250000000004 0.20029687499999999 0.3384375 0.19840625 0.33904166586538464 0.197734375 0.34016666586538463 0.19824999999999998 0.341875 0.196359375 0.342375 0.195984375 0.3446875 0.197578125 0.3456041658653846 0.19734374999999998 0.34781249999999997 0.197203125 0.34983333413461537 0.20104687499999999 0.3499375 0.20248437500000002 0.34962499999999996 0.2029375 0.343375 0.2021875 0.3425833341346154
0 0.23317307692307693 0.35216346153846156 0.3954326923076923 0.11298076923076923