0 0.600609375 0.6974678100961539 0.5979687499999999 0.6733261802884616 0.5900625 0.6793562235576923 0.58565625 0.686587983173077 0.5909375 0.6902145913461539 0.587421875 0.6926394855769231 0.587421875 0.6986695288461539 0.59884375 0.7046995697115384 0.600609375 0.6974678100961539
0 0.0638125 0.6498497860576923 0.066109375 0.649399141826923 0.066875 0.6496566514423077 0.06675 0.6511587980769231 0.06821875000000001 0.6534334759615384 0.0690625 0.652575108173077 0.06937499999999999 0.6517811153846154 0.070078125 0.6494849783653845 0.06949999999999999 0.6478111586538462 0.068546875 0.6463304711538461 0.06790625 0.6446566514423077 0.068296875 0.6425536490384616 0.069 0.6386909879807692 0.068859375 0.6374463509615385 0.06778125 0.636652360576923 0.067015625 0.6361373389423076 0.064125 0.6359656658653846 0.06375 0.6371888413461538 0.0636875 0.6402575096153846 0.063109375 0.6412231754807693 0.06278125 0.6415021466346154 0.061828125000000005 0.6420171682692307 0.061000000000000006 0.6438626610576923 0.060734375 0.6465021466346154 0.060734375 0.6490557932692307 0.061000000000000006 0.6492274687499999 0.06125 0.6497639495192308 0.0638125 0.6498497860576923
0 0.52090625 0.6957081538461539 0.52446875 0.6939055793269231 0.5252187500000001 0.6905579399038462 0.52409375 0.6833261802884615 0.52315625 0.6766309014423076 0.52315625 0.6730042908653846 0.52071875 0.6704291850961539 0.51734375 0.6709442067307693 0.51678125 0.677145923076923 0.5154531250000001 0.6792060096153846 0.51565625 0.6825536490384615 0.514703125 0.6856437764423077 0.512640625 0.6895278966346154 0.511703125 0.6954506442307692 0.514515625 0.6957081538461539 0.52090625 0.6957081538461539
0 0.55940625 0.6761802572115384 0.55921875 0.6728326177884616 0.557890625 0.6710300432692308 0.556203125 0.6710300432692308 0.554890625 0.6720600865384616 0.5543125 0.6746351923076923 0.5539375 0.6787768245192307 0.552625 0.6810944206730769 0.5515 0.6829184543269231 0.548484375 0.6844635192307693 0.54565625 0.6852360504807693 0.54490625 0.6857510721153847 0.54603125 0.6872961370192308 0.548859375 0.6888626610576923 0.5494218750000001 0.6901502139423077 0.549046875 0.6948068677884615 0.549984375 0.696094420673077 0.5509375 0.6955793990384616 0.5533750000000001 0.6966094423076924 0.558078125 0.696094420673077 0.56053125 0.6955793990384616 0.56109375 0.6940343341346153 0.56109375 0.6898927043269231 0.56015625 0.6849785408653847 0.55940625 0.6803218894230769 0.55978125 0.6798068677884616 0.55940625 0.6782618028846154 0.55940625 0.6761802572115384
0 0.673703125 0.6865021466346154 0.6761874999999999 0.6868669519230769 0.677015625 0.6880042908653846 0.67784375 0.6887768245192307 0.6781250000000001 0.6910515024038462 0.68446875 0.6910515024038462 0.68721875 0.6899141634615386 0.683921875 0.6774034326923076 0.68446875 0.6747424903846154 0.683640625 0.6739914158653846 0.6808750000000001 0.6717167379807693 0.6781250000000001 0.6724678100961538 0.6781250000000001 0.6751287548076923 0.6795000000000001 0.6785407716346155 0.6800468749999999 0.6830901298076923 0.676734375 0.6830901298076923 0.673703125 0.6865021466346154
0 0.75215625 0.6838626610576923 0.74946875 0.6861373389423077 0.7523593749999999 0.6886909879807692 0.7531875 0.6909656658653845 0.7554687499999999 0.6932403437500001 0.758984375 0.6946566514423077 0.759609375 0.6858583701923078 0.760640625 0.6818884110576923 0.7629062500000001 0.6790343341346153 0.7620781249999999 0.6767811153846155 0.760015625 0.6739270384615386 0.7583593750000001 0.6742060096153846 0.757125 0.6762017163461539 0.757125 0.6793347644230768 0.75690625 0.6827253221153846 0.7554687499999999 0.6838626610576923 0.75215625 0.6838626610576923
0 0.791265625 0.6001931322115385 0.7915625000000001 0.5960944206730769 0.7915625000000001 0.589120170673077 0.7888750000000001 0.5878969951923076 0.7870937499999999 0.5846137331730769 0.7847031250000001 0.5870600865384615 0.781109375 0.5907510721153846 0.7808124999999999 0.5944635192307692 0.785296875 0.5940343341346154 0.785296875 0.5973175961538462 0.78409375 0.6063519302884616 0.785 0.6059442067307692 0.789484375 0.6063519302884616 0.791265625 0.6001931322115385
0 0.155359375 0.6366094423076922 0.15953124999999999 0.6349785408653846 0.161015625 0.6337553653846153 0.1613125 0.6308798293269231 0.160421875 0.62802575 0.15893749999999998 0.6231115889423078 0.15654687500000003 0.6235193124999999 0.15625 0.6251502139423077 0.15625 0.6276180264423077 0.15446875 0.6296566514423076 0.1550625 0.634570814903846 0.155359375 0.6366094423076922
0 0.579703125 0.6839270384615385 0.58184375 0.678068670673077 0.5821875 0.6741630889423077 0.57828125 0.6736909879807692 0.57721875 0.6746566514423077 0.57721875 0.6790557932692308 0.574375 0.6810085841346154 0.57509375 0.6897854086538462 0.5733125 0.6951502139423076 0.57153125 0.6961158798076923 0.584328125 0.6961158798076923 0.584328125 0.6897854086538462 0.579703125 0.6839270384615385
0 0.45978125000000003 0.6854506442307693 0.460671875 0.68626609375 0.460078125 0.6903648076923077 0.46215625 0.696094420673077 0.46484375 0.6973175961538461 0.46753125 0.6903648076923077 0.46990624999999997 0.6874892692307693 0.468125 0.6838197427884616 0.46753125 0.6784978533653846 0.46753125 0.6735836899038462 0.46514062500000003 0.6719527908653846 0.46335937499999996 0.6760300432692308 0.463953125 0.6780901298076922 0.46096875000000004 0.678905579326923 0.459484375 0.6805364807692308 0.45978125000000003 0.6854506442307693
0 0.501203125 0.6939270384615385 0.50740625 0.6909227475961538 0.507578125 0.6877038629807692 0.507578125 0.6823819735576924 0.506734375 0.6800858365384616 0.5055625 0.6763948509615385 0.504390625 0.6720171682692307 0.50321875 0.6708583701923078 0.50203125 0.6722317596153846 0.502375 0.6754721033653847 0.502703125 0.6775536490384616 0.50203125 0.6807725312499999 0.499859375 0.688626610576923 0.500015625 0.6902360504807692 0.5001875 0.6932403437500001 0.501203125 0.6939270384615385
0 0.53153125 0.689334764423077 0.533578125 0.6949570817307692 0.5428125 0.6963733894230769 0.545375 0.6910944206730769 0.5420312500000001 0.6794849783653846 0.543578125 0.6706866947115385 0.54178125 0.6696351923076923 0.53896875 0.6703218894230769 0.5376875 0.6752575096153847 0.535125 0.6801931322115385 0.5330625 0.6840557932692307 0.53153125 0.689334764423077
0 0.482921875 0.6725321899038461 0.480890625 0.674892704326923 0.480109375 0.6789699567307692 0.47854687500000004 0.6811158798076923 0.47481249999999997 0.6825965673076924 0.47434375 0.6834549350961538 0.47715625000000006 0.6845278966346153 0.47854687500000004 0.6845278966346153 0.478859375 0.6868884110576924 0.483234375 0.6871030048076924 0.484640625 0.6907510721153846 0.48712500000000003 0.6916094423076923 0.48837499999999995 0.6930901298076922 0.48417187500000003 0.6791845504807692 0.485109375 0.6744635192307692 0.484015625 0.6725321899038461 0.482921875 0.6725321899038461
0 0.4423076923076923 0.6274038461538461 0.8810096153846154 0.13942307692307693