0 0.514046875 0.4361041658653846 0.534265625 0.3866666658653846 0.5460625 0.39564583413461535 0.551125 0.5686875 0.57640625 0.6023958341346154 0.57809375 0.5125 0.583140625 0.3394791658653846 0.611796875 0.2630625 0.633703125 0.2428541658653846 0.6505625 0.1934166658653846 0.6505625 0.1327291658653846 0.6438125 0.08554166586538461 0.613484375 0.10352083413461538 0.616859375 0.15520833413461538 0.62528125 0.1889166658653846 0.6219062500000001 0.20014583413461537 0.584828125 0.1799166658653846 0.583140625 0.1349791658653846 0.5528125 0.14172916586538462 0.5561875 0.1799166658653846 0.535953125 0.2068958341346154 0.48201562499999995 0.222625 0.40281249999999996 0.2068958341346154 0.401125 0.2450833341346154 0.42471875 0.2585833341346154 0.514046875 0.2428541658653846 0.534265625 0.2428541658653846 0.52921875 0.2765625 0.4971875 0.3507083341346154 0.465171875 0.4495833341346154 0.465171875 0.5304791658653847 0.44999999999999996 0.5574583341346154 0.460109375 0.5597083341346154 0.48876562500000004 0.5552083341346153 0.514046875 0.4361041658653846
0 0.10671875 0.5900833341346154 0.11296874999999999 0.5824583341346155 0.10465624999999999 0.522875 0.08490624999999999 0.5013958341346154 0.0859375 0.4542708341346154 0.081265625 0.44389583413461536 0.06671875 0.43972916586538463 0.0526875 0.4473541658653846 0.0459375 0.4695208341346154 0.049046875000000004 0.4847708341346154 0.032421875 0.50625 0.0261875 0.5457291658653847 0.03553125 0.604625 0.08178125 0.604625 0.116609375 0.6101666658653846 0.12128125000000001 0.597 0.10671875 0.5900833341346154
0 0.31198437500000004 0.5149375 0.398328125 0.5446875 0.36873437499999995 0.5039375 0.35418750000000004 0.4858333341346154 0.35078125000000004 0.46641666586538466 0.34303125 0.45672916586538465 0.3338125 0.45672916586538465 0.325078125 0.4696458341346154 0.32265625 0.48000000000000004 0.32265625 0.49616666586538466 0.3173125 0.5084583341346154 0.31198437500000004 0.5149375
0 0.401109375 0.5049583341346154 0.39075 0.49491666586538463 0.38040625 0.4773541658653846 0.37474999999999997 0.45852083413461536 0.36721875000000004 0.4572708341346154 0.362515625 0.46731249999999996 0.36532812499999995 0.49241666586538463 0.401109375 0.5300833341346154 0.401109375 0.5275625 0.401109375 0.5049583341346154
0 0.433328125 0.5504791658653846 0.45770312500000004 0.5492708341346154 0.463125 0.533625 0.459515625 0.5035208341346153 0.45139062500000005 0.4770208341346154 0.441453125 0.47100000000000003 0.441453125 0.4625625 0.43875000000000003 0.4432916658653846 0.43603125000000004 0.43487499999999996 0.42157812499999997 0.43487499999999996 0.41526562499999997 0.4529375 0.42157812499999997 0.47100000000000003 0.41615625 0.4926666658653846 0.413453125 0.5276041658653846 0.40803125 0.5456666658653846 0.42790625 0.5565 0.433328125 0.5504791658653846
0 0.660828125 0.5211666658653846 0.6575624999999999 0.5517291658653846 0.6537343750000001 0.5721041658653846 0.707234375 0.5772083341346154 0.708328125 0.5619166658653846 0.70559375 0.535 0.6963125 0.5153333341346154 0.687578125 0.5000625000000001 0.688671875 0.4913125 0.688671875 0.48039583413461534 0.682125 0.4702083341346154 0.674484375 0.4665833341346154 0.666296875 0.4702083341346154 0.6624687499999999 0.4775 0.667390625 0.4869583341346154 0.667390625 0.49495833413461543 0.667390625 0.49641666586538463 0.666296875 0.5022291658653846 0.660828125 0.5211666658653846
0 0.62515625 0.5708541658653846 0.63096875 0.5721458341346154 0.6542656250000001 0.575375 0.658625 0.5482083341346153 0.658625 0.5217083341346154 0.651828125 0.5132916658653847 0.647953125 0.4938958341346154 0.6401874999999999 0.4841875 0.6319375 0.48612500000000003 0.62903125 0.497125 0.630484375 0.5139375 0.634859375 0.5217083341346154 0.62709375 0.5255833341346153 0.627578125 0.5469166658653847 0.62515625 0.5708541658653846
0 0.23546875 0.4755208341346154 0.236359375 0.47237500000000004 0.23753125 0.46493749999999995 0.235765625 0.45670833413461537 0.232828125 0.4531875 0.22578125 0.452 0.21871875 0.452 0.21226562499999999 0.45435416586538463 0.20990625 0.46218750000000003 0.21196875 0.4758958341346154 0.223421875 0.48412499999999997 0.245171875 0.4911875 0.24428124999999998 0.4813958341346154 0.23546875 0.4755208341346154
0 0.28484375 0.5036666658653846 0.29948437499999997 0.5115 0.304296875 0.5110208341346154 0.304296875 0.5107916658653846 0.3051875 0.5015208341346153 0.30571875 0.4915208341346154 0.3026875 0.4839166658653846 0.29359375 0.4782083341346154 0.285390625 0.47939583413461534 0.281640625 0.49225 0.28484375 0.5036666658653846
0 0.528859375 0.4811041658653846 0.529484375 0.4853333341346154 0.52990625 0.4884166658653846 0.5263281249999999 0.4940416658653846 0.5233749999999999 0.5035833341346154 0.522953125 0.5134166658653846 0.5233749999999999 0.5260625 0.5263281249999999 0.5434791658653846 0.527375 0.5572291658653846 0.5271718750000001 0.5651041658653846 0.52653125 0.567625 0.52653125 0.5681875000000001 0.55034375 0.56875 0.549921875 0.5167916658653846 0.549296875 0.4985208341346154 0.549296875 0.4912291658653846 0.547390625 0.4867291658653846 0.54465625 0.48195833413461536 0.54403125 0.478875 0.5431875 0.4704375 0.54234375 0.4679166658653846 0.5404375 0.46649999999999997 0.53665625 0.4639791658653846 0.532015625 0.46566666586538463 0.52990625 0.467625 0.528640625 0.47268750000000004 0.528859375 0.4811041658653846
0 0.23109375000000001 0.6666875 0.237421875 0.6292708341346154 0.241046875 0.5689166658653846 0.239234375 0.5508125 0.22746875 0.5194375 0.19398437500000001 0.5049583341346154 0.19126562500000002 0.5278958341346154 0.18764062499999998 0.5568541658653846 0.184015625 0.5954791658653846 0.17859375 0.6316875 0.19398437500000001 0.6413541658653846 0.189453125 0.6739375 0.193078125 0.6763541658653847 0.20665624999999999 0.6763541658653847 0.23109375000000001 0.6666875