0 0.305375 0.5119058822115384 0.307859375 0.5343529423076923 0.31656249999999997 0.5764470576923076 0.32525 0.6307058822115384 0.3146875 0.6419294110576923 0.3115859375 0.6582941177884615 0.31419687500000004 0.6691058822115384 0.307859375 0.6767764711538462 0.3137986105769231 0.683718954326923 0.3988263894230769 0.8286810456730769 0.3643854182692308 0.8742117644230769 0.3370625 0.9060235288461538 0.34203125 0.918188235576923 0.37184375000000003 0.9125647067307692 0.37649609375000004 0.8718705889423077 0.3712161442307692 0.8662588245192308 0.394203125 0.8427137235576924 0.399171875 0.828376471153846 0.41843749999999996 0.8611058822115385 0.4265 0.8891764711538461 0.435203125 0.9116235288461538 0.46192187500000004 0.918188235576923 0.4780625 0.9060235288461538 0.45259375 0.7675764711538461 0.3516138389423077 0.6217109254807693 0.38178125 0.5799294110576922 0.41221875 0.5443764711538461 0.428375 0.5565411754807692 0.44265625000000003 0.5602823533653847 0.45384375 0.5537411754807692 0.45321874999999995 0.5359764711538462 0.46192187500000004 0.5406352932692308 0.46253125 0.5303529423076923 0.449484375 0.5088470576923076 0.44142187499999996 0.48496470673076925 0.43954687499999995 0.44661176442307693 0.42526562500000004 0.43630588221153843 0.4078697932692308 0.4288235288461539 0.405390625 0.4213411754807692 0.440796875 0.38207058894230767 0.450734375 0.3558588245192308 0.449484375 0.33341176442307696 0.43457812500000004 0.30910588221153845 0.41159375000000004 0.29694117548076926 0.389859375 0.25764705769230767 0.36128125 0.25670588221153845 0.35196875000000005 0.2670117644230769 0.3364375 0.3208235288461539 0.32153125 0.34232941105769227 0.31034375000000003 0.3781176466346154 0.31096875 0.40618823557692313 0.3345625 0.43143529326923075 0.3153125 0.44922352884615385 0.305375 0.5119058822115384
0 0.106 0.31962352884615386 0.11101562499999999 0.3285176466346154 0.1113125 0.34230588221153846 0.111609375 0.36054117548076925 0.11426562500000001 0.3654352932692308 0.114859375 0.36054117548076925 0.1145625 0.3454117644230769 0.11721875 0.3454117644230769 0.1178125 0.3458588245192308 0.11810937499999999 0.3681176466346154 0.123421875 0.3676705889423077 0.122828125 0.3436470576923077 0.123125 0.3285176466346154 0.12696875000000002 0.32451764663461535 0.12875 0.31428235336538457 0.125203125 0.30894117548076927 0.12401562499999999 0.2964941177884616 0.1210625 0.29470588221153843 0.119296875 0.29204705769230765 0.113375 0.29294117548076926 0.113375 0.2964941177884616 0.11071874999999999 0.2996 0.105703125 0.3129411754807692 0.106 0.31962352884615386
0 0.305234375 0.3433411754807692 0.311609375 0.3433411754807692 0.3120625 0.3174588245192308 0.311609375 0.30750588221153846 0.311390625 0.30054117548076925 0.309640625 0.2992235288461539 0.306984375 0.31049411778846153 0.307875 0.31016470673076924 0.30720312499999997 0.32839999999999997 0.30874999999999997 0.33338823557692304 0.30809375 0.3410117644230769 0.305234375 0.3433411754807692
0 0.589515625 0.33536470673076924 0.587359375 0.3250352932692308 0.581359375 0.32762352884615387 0.580515625 0.336 0.581359375 0.3411764711538462 0.5869375 0.3418117644230769 0.589515625 0.33536470673076924
0 0.531875 0.330211764423077 0.52646875 0.3366823533653846 0.530765625 0.3381647067307692 0.5360625 0.3374352932692308 0.531875 0.330211764423077
0 0.57246875 0.6494588245192308 0.58034375 0.6524235288461538 0.622671875 0.6539058822115386 0.6453125 0.6509411754807692 0.6620625 0.6420470576923076 0.6620625 0.6272235288461538 0.64728125 0.6153647067307693 0.6600937499999999 0.6153647067307693 0.6669843750000001 0.5916470576923077 0.673875 0.5708705889423077 0.6531875 0.5412235288461539 0.640390625 0.5441882355769231 0.6305468750000001 0.5619764711538461 0.6236562499999999 0.5812470576923077 0.606921875 0.594611764423077 0.594125 0.5960941177884616 0.591171875 0.6094352932692307 0.5655781249999999 0.6138823533653845 0.552765625 0.6079529423076923 0.537015625 0.6450117644230768 0.5655781249999999 0.6420470576923076 0.57246875 0.6494588245192308
0 0.721171875 0.34477647115384613 0.7221875 0.3646352932692307 0.723 0.3688941177884616 0.72503125 0.36950588221153846 0.724828125 0.34783529326923074 0.7244218750000001 0.33837647115384617 0.7177343749999999 0.3322823533653846 0.7152968749999999 0.3273882355769231 0.712671875 0.32157647115384613 0.7096250000000001 0.3228 0.70840625 0.33197647115384615 0.70496875 0.3344 0.7027343749999999 0.3423529423076923 0.70596875 0.3512 0.706984375 0.3792705889423077 0.7163125 0.3801882355769231 0.718546875 0.37957647115384613 0.71875 0.3432705889423077 0.721171875 0.34477647115384613
0 0.6972031249999999 0.3834117644230769 0.7041562499999999 0.38576470673076924 0.703453125 0.3669411754807692 0.7051875 0.35362352884615383 0.7046718750000001 0.34865882451923075 0.701546875 0.34421176442307694 0.701546875 0.34054117548076923 0.6987656250000001 0.3334823533653846 0.6944375 0.33480000000000004 0.692875 0.34105882451923075 0.697390625 0.3481176466346154 0.6975625 0.35047058894230765 0.6952968749999999 0.36432941105769234 0.6900937500000001 0.36458823557692305 0.6904374999999999 0.36929411778846155 0.6935625 0.3698117644230769 0.6921718749999999 0.3745176466346154 0.6874843749999999 0.3805411754807692 0.68696875 0.3839294110576923 0.69253125 0.3852470576923077 0.6972031249999999 0.3834117644230769
0 0.183859375 0.31863529326923073 0.1804375 0.3088705889423077 0.17565624999999999 0.30783529326923076 0.174625 0.3289176466346154 0.173609375 0.33355294230769233 0.179078125 0.33355294230769233 0.184875 0.3315058822115384 0.183859375 0.31863529326923073
0 0.3055 0.3344 0.298375 0.3336235288461538 0.297359375 0.32748235336538467 0.2948125 0.3228941177884615 0.28946875 0.3271058822115384 0.2876875 0.33861176442307694 0.288453125 0.3401411754807692 0.30524999999999997 0.3420705889423077 0.3055 0.3344
0 0.633765625 0.3344235288461539 0.635 0.33818823557692307 0.6377031249999999 0.3375529423076923 0.6389375 0.3297411754807692 0.6387343750000001 0.32505882451923074 0.636453125 0.32475294230769236 0.633765625 0.3344235288461539