0 0.7903800000000001 0.6299399399038462 0.7903800000000001 0.6185885889423077 0.7901199999999999 0.611141141826923 0.7901199999999999 0.6091891899038462 0.7898599999999999 0.5939039038461538 0.78726 0.5903603605769231 0.787 0.5884084086538461 0.7857000000000001 0.5813513509615384 0.78334 0.5841141129807692 0.78308 0.5880180168269231 0.78022 0.5891891899038462 0.77944 0.5950750745192308 0.7789 0.6040840841346153 0.7820400000000001 0.61153153125 0.7820400000000001 0.6181981971153847 0.7812600000000001 0.6287687692307693 0.78544 0.63228228125 0.78804 0.63228228125 0.7903800000000001 0.6299399399038462
0 0.4107 0.6696996995192308 0.4146 0.6667867860576924 0.4146 0.6237237235576922 0.42242 0.6208108100961538 0.41134 0.5973273269230769 0.4094 0.586576576923077 0.40353999999999995 0.5904804807692308 0.40418 0.6002702692307692 0.40028 0.6002702692307692 0.39832 0.6208108100961538 0.40353999999999995 0.6227627620192308 0.40484000000000003 0.667747747596154 0.40678000000000003 0.6687387379807692 0.4094 0.6442642644230769 0.4107 0.6696996995192308
0 0.84816 0.6204504495192308 0.84816 0.6103603605769231 0.84928 0.6041741730769231 0.85154 0.6002402403846154 0.8526600000000001 0.594624625 0.8522799999999999 0.5906906899038462 0.8462999999999999 0.5856456466346154 0.8461 0.5808708701923077 0.84256 0.5791591586538462 0.83974 0.5822522524038461 0.83882 0.5861861850961538 0.83806 0.5906906899038462 0.8356399999999999 0.5985585576923077 0.8361999999999999 0.6021921923076923 0.83712 0.6052852860576923 0.8399399999999999 0.6109009014423077 0.8402999999999999 0.6179279278846154 0.8412400000000001 0.6418018028846154 0.84592 0.6361861850961539 0.8478 0.6288888894230769 0.84816 0.6204504495192308
0 0.922 0.6533033028846155 0.92282 0.6486786778846153 0.92344 0.6523723725961539 0.92282 0.6542342331730769 0.92384 0.6563963966346154 0.92796 0.6548348341346154 0.9294 0.6527027019230769 0.9289799999999999 0.6452852860576923 0.9287799999999999 0.6406606610576924 0.92796 0.637267266826923 0.92796 0.6295495504807692 0.9294 0.6218318317307693 0.93022 0.6221321322115384 0.93248 0.6242942932692308 0.93432 0.6199699711538462 0.93248 0.6150450456730769 0.9294 0.6060960961538462 0.92672 0.6039339350961538 0.9259 0.6002102091346153 0.9257000000000001 0.5971471466346154 0.92488 0.5940540528846154 0.92076 0.5937237235576923 0.91768 0.5968168173076923 0.91748 0.602702701923077 0.91624 0.6063963966346153 0.9148000000000001 0.6094894903846154 0.91398 0.6134834831730769 0.91316 0.6172072067307692 0.9121199999999999 0.6187387379807692 0.9108999999999999 0.6218318317307693 0.9111 0.6242942932692308 0.9137799999999999 0.62615615625 0.91624 0.6233633629807692 0.91808 0.6252252259615385 0.9197399999999999 0.6295495504807692 0.9197399999999999 0.6366366370192308 0.91726 0.6502102091346154 0.9195200000000001 0.6536036033653846 0.9209599999999999 0.6536036033653846 0.922 0.6533033028846155
0 0.60134 0.5809909903846153 0.60012 0.5745045048076923 0.59786 0.5716216225961538 0.5963 0.5734534543269231 0.5958 0.5807207211538462 0.5958 0.5872372379807692 0.5963 0.5952852860576923 0.59908 0.5955555552884616 0.60046 0.5942642644230769 0.60134 0.5882882884615385 0.60134 0.5809909903846153
0 0.6151 0.5948048052884615 0.61878 0.6005405408653846 0.62204 0.5994894903846154 0.6245999999999999 0.5975675673076923 0.62602 0.5937237235576923 0.62488 0.5724324326923077 0.62404 0.5672972980769231 0.62048 0.5628228221153846 0.61864 0.5643243245192308 0.61794 0.5685885889423077 0.6160800000000001 0.5743243245192308 0.6160800000000001 0.5845645649038461 0.6151 0.5948048052884615
0 0.4547 0.6645945937500001 0.46119999999999994 0.6660360360576922 0.45796 0.6538438437499999 0.45631999999999995 0.6377477475961538 0.45631999999999995 0.6324024014423077 0.45568000000000003 0.6143543533653847 0.45080000000000003 0.6011711706730769 0.44984 0.5904504495192308 0.44430000000000003 0.5899699711538461 0.44398000000000004 0.6002102091346153 0.43944 0.6084984975961538 0.43912 0.621171170673077 0.44464 0.63921921875 0.44430000000000003 0.6616516514423078 0.4482 0.6631231225961538 0.45048 0.6328828822115384 0.4547 0.6645945937500001
0 0.6509400000000001 0.5722522524038461 0.65064 0.5772372379807693 0.65364 0.582642641826923 0.6563599999999999 0.5849249254807692 0.6572600000000001 0.5808408413461539 0.65786 0.5763063052884616 0.65816 0.5708708701923076 0.6554599999999999 0.5672672668269231 0.65576 0.5627327331730769 0.6524399999999999 0.5581981971153847 0.65154 0.564984985576923 0.65154 0.5681681682692308 0.6509400000000001 0.5722522524038461
0 0.57796 0.5891891899038462 0.57908 0.5940240240384616 0.57924 0.6061261250000001 0.58214 0.6078078076923077 0.58506 0.6049249254807691 0.58506 0.5969369375 0.58666 0.5988588581730769 0.5878 0.6041741730769231 0.58924 0.6070870865384616 0.59054 0.6066066057692308 0.5923 0.6046546538461539 0.59102 0.5995795793269231 0.5894 0.5947447451923077 0.58956 0.590390389423077 0.58972 0.5874774783653847 0.5884400000000001 0.5824024014423077 0.58506 0.5778078076923077 0.58038 0.5778078076923077 0.57876 0.5794894903846154 0.57748 0.5831231225961538 0.57796 0.5891891899038462
0 0.646 0.6020720721153846 0.64714 0.5922222211538462 0.6474200000000001 0.5862162163461538 0.6462800000000001 0.5761561562499999 0.646 0.5746546538461538 0.64342 0.5733633629807693 0.64186 0.5834234230769231 0.64414 0.5911411418269231 0.64414 0.6009909903846153 0.646 0.6020720721153846
0 0.62946 0.5840840841346154 0.6293 0.5900900889423076 0.6293 0.5945645649038462 0.6295999999999999 0.5981981971153846 0.62788 0.6026726730769231 0.62774 0.6050450456730769 0.62916 0.6056756754807693 0.63158 0.6048048052884616 0.63258 0.6024624615384615 0.63202 0.5975675673076923 0.63258 0.5926426418269231 0.6338600000000001 0.5894294302884615 0.6341399999999999 0.5851651658653846 0.63472 0.5798198197115385 0.63472 0.5776876875 0.6338600000000001 0.5763963966346154 0.63258 0.5757657668269232 0.6313 0.5744744735576923 0.63216 0.5708408413461539 0.6313 0.5700000000000001 0.6285999999999999 0.5693393389423077 0.62802 0.5715015024038462 0.62874 0.5712912908653845 0.62832 0.5746846850961538 0.6293 0.5776876875 0.6295999999999999 0.5796096105769231 0.62946 0.5840840841346154
0 0.8291 0.6161861850961539 0.83002 0.61540540625 0.8313400000000001 0.6179579591346154 0.83186 0.6193393389423077 0.83266 0.6221021009615384 0.83396 0.6266366370192308 0.8348800000000001 0.6183483485576923 0.8341 0.6144144134615385 0.8338399999999999 0.6071171177884616 0.8342200000000001 0.6061261250000001 0.8337000000000001 0.6033633629807692 0.8333 0.6000300288461539 0.83318 0.5982582572115385 0.83318 0.5905705697115384 0.83094 0.5889789783653846 0.83082 0.5885885889423077 0.83094 0.5852252259615385 0.83042 0.582672673076923 0.82936 0.5820720721153847 0.82792 0.58228228125 0.827 0.5832732740384615 0.82556 0.5862162163461538 0.8251600000000001 0.5872072067307692 0.8238599999999999 0.5875975985576922 0.8228000000000001 0.5897597596153846 0.8224199999999999 0.5923423413461538 0.82214 0.5954954951923077 0.82268 0.5982582572115385 0.8229399999999999 0.6008108100961539 0.82334 0.6053453461538462 0.8238599999999999 0.60690690625 0.8251600000000001 0.60771771875 0.82504 0.6148048052884616 0.8245199999999999 0.6165765769230769 0.8234600000000001 0.6175675673076924 0.8229399999999999 0.6205105096153846 0.8231999999999999 0.6232732740384616 0.8242400000000001 0.6264264254807692 0.8260799999999999 0.6215015024038462 0.82844 0.6215015024038462 0.8291 0.6161861850961539